[    1     2 39080    15    16    20    21    22    23    24    25    26
 39082 39083    31    32    33    34    35 39084    39 32807    41    42
    43    44 39085 39086    51    52    59    60    62 39090    65    68
 39091    70    71    73    74    75    76    77    78    79    80 39092
    82    83    84    85    86    87    88 39094    90    91    92    93
    94 39095    96    97 32867 32868 39097   102 32871   103 39098 32876
 32877   118   119   122   124   125   126   127   128 39102   130   131
   132   133   134   135   136   137   138   139   140   141   142 39104
   144   145   147   148   149   150   151 39107   153   154 39108   156
   157   159   160   161   162   163   164   165   166   167   168   169
   170   171   172   173   174   175   176   177   178   182   183   185
   187   188   189   190   191   192   193   194   195   196 32959   198
   199   200   201   202   203   204   205   206   207   208   209   210
   211   213   214   215   216   217   218   220   222   223   224   225
   226   227   229   230   231   232   233   234   235   236   237 33006
   238   239   240   241   242   243   244   246 33015   247   248   250
   251   252   253   254 33018   256   257   258   259   260   261 33024
 33028   266   277 33045   289   291   298   299   300   301   310   311
   313   322   324   325   331   332   334   335   336   337   339   340
 33109 33110 33111 33112   341   342   346   348   349   343   351 33120
 33121   345   352   353   357   358 33127 33128   360   361 33131   363
 33136 33137   369   370 33140   371 33142   372   373 33145 33146 33147
   377   378   379   380   381   382   383   384 33156   387   388   385
   389   394 33163   397   410   411   416   417 33190 33191   428   431
   432 39093   435   436   439   440   441   448   449   450   457   458
   459   460   468   478   479   487   488   494 33263   495   497 33266
   504   505   514   516   517 33286 33287   523   525   526 33295 33296
   533   535   536   542   543   544   545   551   552   554   555 33328
   561 33330   563   564   570 33339   571   572   573   574   575   577
   578   579   576   580   582   583   584 33353 33354   586   587   588
   581   585   590   591 33362 33363   595   597 33366 33367   598   600
   601   602   603   605   606 33375   607   608   610   611   612   613
   615   616   617   618   620   621   622   623   624   625   626   627
   628   629   630   631   632   633   634   639   640 33409   641   642
   643 33418 33419   650   651   653   654   652   658   659   660 33429
   661   669 33438   670   678 39103   687 33459 33460   691   696   697
   698 39216 33469 33470   701   702   703   707   708   709 39218 33481
 33482   714 13168   717   718 13171 33500 39223   737 33506 33507 33511
   744   745 39225 33516 33517   750   751   749   755   756 33526 33527
 39228   762 33539   775   776   777 33548   781   782   783   785   790
   791   792   794   795   797 33566   799   800   798   802   803   804
   805   806   807   809   810   811 33580 33579   819   824   825   827
   830   831   832   833   837   838   839   840 39109   843   844   845
   846   847   850   851   853   854   857 39248   860   859   863   864
   865   866   868   869   870   871   872   873   874   875   876   877
  6687   879   880   881   883   885   886   887   889   892   893   894
   895 39255  6691   898   899   900 33669   901   902   905   906   911
   912   913   914   917   919   920 33689 33690   923   921   925   926
   927 33695   929 33696   932   933 33704   937   936   938 33706 33707
   942   943   945   946 33715 33716 33717   948   951   952   954   955
   956 33725 33726 33727   959   960   957   958   970   977   978 33749
   982   983   984   985 33757 33758 33759   990   991   992   997   998
   999  1003  1006  1007  1008  1009 33790 33800 33803 33804  1036  1037
  1038  1039 33808 33809 33810 33813 33814  1046  1047  1048  1049 33820
  1053  1054  1055  1056 33821 33830 33831  1067  1070  1071  1073  1074
  1075  1076  1077  1078  1079 33841  1081  1082 33842 33851  1085 33852
  1090 33859  1092  1093 33861  1096  1097  1101  1103  1104 33871  1106
  1107  1110  1112  1113 33881 33882  1118  1119  1120  1124  1125  1126
  1127  1131  1132  1133  1138  1140  1141 33909  1142  1144  1145 33918
  1151  1158  1159  1160  1162  1163  1164  1165  1169  1175  1176  1177
  1178  1179  1180  1181  1182  1183  1184  1185  1186  1187  1188  1190
  1191  1192  1193  1194  1195  1196 33962  1199  1200  1201  1202 33971
 33972  1205  1209  1225  1226 33997 34002 34005 34006 34015 34016  1255
 34025 34027 34028  1262  1267 34036 34037  1271  1272 34046  1278  1279
  1280  1284  1285  1286 34055  1287 34057  1290  1291  1292  1293  1294
 34067 34068  1301  1302  1303  1304  1307 34076  1310  1311  1313  1314
  1317  1321 34093  1332 34101 34110  1345 34114 34115  1346  1347 34119
  1352  1353  1354 34123 34124  1360  1361  1362  1363 34128  1367  1368
  1369  1370 34140 34141  1374  1375  1376  1377  1380  1381  1382  1383
  1384 34151 34152 34156  1388  1389  1391  1393  1394  1395  1397  1398
  1399  1400  1401  1402  1403  1404  1405  1406  1407  1408  1409  1410
 34170 34178 34179 34183 34184 34185 34186 34187 34188 34194 34195 34198
 34203 34204 34212 34218 34219 34220 34221 34224 34233 34234 34242 34246
 34247 34251 39373 34261 39374 39375 34280  1515  1526  1527 34298  1534
  1535  1536  1537  1547  1549  1550 34328  1565 34336 34337  1570  1571
 34345 34346 45904  1582  1583 45910 34403 34411 34412  1695  1696  1697
  1700  1701  1703  1704 34474 34475  1706  1707  1720   344  1734  1735
 34512  1744  1745  1750  1751  1760  1761  1764  1765  1768  1769 34540
  1774  1775  1777  1778  1779 34548 34549  1787  1788  1789  1799  1804
  1805  1811  1814  1815  1816  1823  1824  1825  1833  1834  1839  1840
 34611  1845  1847  1848  1851  1852  1853 34622  1855  1856  1857  1858
  1859  1860  1861  1862  1863  1864  1865  1866  1868  1869  1870  1873
  1874  1875  1876  1877  1878  1879  1880 34642  1882  1883  1884 34651
 34652  1887  1888 34653 13400  1892 34660 34661  1895 34662  1900 34669
 34668 34671  1904  1905  1906 34672  1909 34680  1913  1918  1920  1921
  1922  1923  1924  1925  1926  1927  1928  1929  1930  1931  1932  1933
  1934  1935  1936  1937  1938  1939 34700 34702  1942  1943  1944  1945
 34705  1947  1948 34711  1950  1951  1952  1953  1954  1955 34715  1957
  1958  1959  1960 34728 34731  1965  1966  1967 34736  1969 34740 34741
  1974  1975  1977  1978 34745  1986  2000  2001  2008  2014  2015  2016
 34784  2018  2019  2020  2021  2022 34793 34794 34803  2036  2048  2052
  2058  2059  2060  2061  2062  2063  2064  2065  2066  2067  2068  2069
 34842 34865  2098 34867  2101  2102  2103  2105  2108  2109  2110 34883
  2123  2125  2126  2127  2129  2134  2136  2137  2139  2141  2142  2145
  2146  2149  2151  2152  2155  2160  2161  2165  2169  2172  2173  2176
  2177  2178  2179  2182  2183  2184  2185  2188  2189  2190  2191  2192
  2193  2196  2197  2199  2200  2201  2202  2203  2204  2207  2208  2209
  2210  2212  2214  2217  2221  2224  2236 33009  2237  2241  2242  2243
  2244  2245  2246  2247 35016  2249  2250  2251  2252 35017  2248  2255
  2256  2257  2258  2259 35024 35025  2262  2263  2264  2266 35036 35037
 35038  2270  2272 35040  2274 35041  2271  2273 33016  2280  2281  2284
  2285 33019  2288 35057  2289  2290  2291  2293  2294 35061  2296 35062
  2298 35064  2300  2301 35070  2302  2299  2310  2311  2312  2313  2314
  2315  2316  2321  2322  2323  2324  2325  2330  2331  2332  2333  2334
  2339 35108 35109  2340  2343  2347  2348  2349 35120 35121  2356  2357
  2358 35127  2359  2360 35130 35131 35132 35133  2361  2368  2369  2371
 35142 35143  2377  2378  2379  2380  2381  2382  2383  2384  2394  2395
  2396  2400  2401  2417  2418  2425  2426  2433  2434  2442  2443  2448
  2449  2450  2451  2452  2453 35228  2464  2465  2466  2467  2468  2469
  2470  2480  2483 35252 35264  2497 35271  2516  2517  2518  2520  2521
  2527  2528  2529  2532  2533  2534  2535  2538  2539  2540  2542  2543
  2544  2545  2550  2551  2552  2553  2558 35327  2559  2561 35329  2563
 35330 35331  2560  2562  2566  2569  2567 35339 35340  2573 35342  2570
  2571  2575  2576  2579  2580  2581  2583  2584  2585  2586  2590  2592
  2593  2594  2595  2596  2597  2598  2599  2600  2601 35370  2602  2603
  2604  2605  2607 35376  2609  2608  2610  2611  2612  2613  2614  2616
  2615  2617  2618  2619  2620  2621  2622  2623  2624  2625  2626  2627
  2628  2629  2630  2632  2633  2634 35402  2636  2637  2638  2639 35415
 35416  2649  2651  2652  2653  2654  2655  2656  2657  2658  2659  2660
 35429  2661  2663  2664  2665 35432  2662  2668  2666  2667  2671  2672
 35441  2674  2676  2678 35447  2680  2682  2684  2687  2689  2690  2691
  2696  2697  2698  2699  2700  2701  2702  2716  2717  2718 35485  2723
 35492  2724  2725  2726  2727  2728  2730  2731  2732  2737  2739  2740
  2741  2742  2743  2745  2746  2747  2748  2750  2751  2752  2754  2755
 35524  2757 35525  2756  2760  2761  2762  2763  2764 35529 35533 35534
 35535 35536 35537  2765  2766 35541 35542 35543 35544  2768  2770  2773
  2774  2775 35550 35551  2779  2780  2781  2782  2783  2784  2787  2788
 35560  2789  2790  2791  2792  2795  2796 35567 35568 35569 35570 35571
  2797  2798  2799  2800  2808 35576 35578  2802  2809 35581  2810 35579
  2816  2817  2818 35580  2823  2824  2825  2826  2832  2833  2834  2841
  2843  2844  2845  2846  2847  2848  2849  2850  2851  2852  2853  2855
  2856  2857  2859  2860  2861  2862  2863 35630  2865  2866  2867  2868
  2869 35631 35632  2872 35634 35635  2875 35637  2870  2871  2873  2874
  2876  2882 35650  2886  2887  2888  2890  2891  2892  2894  2895  2896
  2897 35687 35698 35700 35702 35703 35704 35705 35706  2942  2943  2947
  2948 35720 35724 35728  2967 35744 35751  2986  2987  2988  2989 35758
  2990  2991  2992  2993  2994  2996  2997  2998   596  2999  3000  3001
  3002  3004  3005  3020  3022 35791  3023 35793 35794 35795  3028 35796
 35797 35799 35800 35801 35802 35803 35804 35805 35806 35807 35808 35809
 35810 35811 35812 35813 35814  3040 35816  3041  3043  3044 35820 35821
 35822 35823 35824 35825 35826 35827 35828 35829 35830 35831 35832 35833
  3062  3063 35836 35837 35838 35839  3064  3065  3066  3067  3068  3070
  3071  3072  3073  3074  3076  3079  3082 35844 35845 35848 35849 35856
 35859  3093  3094  3095 35861  3097 35862 35865 35866 35864 35870  3103
 35871 35872  3106 35873  3108 35878 35882 35884  3118 35889  3128  3129
 35898 35899  3133 35901 35902  3138  3140  3141 35910  3143 35912  3144
  3146  3147  3148  3149  3150  3151  3152  3153  3154  3155  3156  3157
  3158  3159  3160  3161  3162  3163  3164  3165  3166  3167  3168  3169
 35938 35939  3172  3178  3179  3180  3181  3182  3185  3186  3187  3188
  3189  3190  3191 35960 35961 35962 35958 35959 35965  3198  3199 35963
 35964  3202  3203  3206  3208  3210 35979  3212  3213  3214  3215 35984
  3217 35985 35986 35987 35988 35989 35990  3228  3230  3231  3232  3233
  3234  3235  3236  3237  3238  3239 36003 36004  3242 36009  3244  3245
 36010 36014 36015  3249  3250  3251 36017 36019 36018 36023  3256  3257
  3258  3259  3260  3261  3262  3263  3264  3265  3266  3267 36035 36036
 36037  3271  3272  3273 36038 36039 36041  3277 36042 36046  3280  3281
 36047 36048 36050  3285 36051  3287 36052 36054 36057 36058 36060  3294
  3295  3296  3297 36062 36063 36064  3301  3302 36065 36066 36067 36069
  3307 36071 36073 36079 36080  3313  3314  3315  3316  3317  3318 36081
 36084 36085 36087  3323  3324  3325 36088 36097 36098  3331  3332  3342
  3343  3344  3347  3348  3349  3352  3353 36122 36123 36124 36126  3360
  3363  3364  3365  3366  3369 36141  3375  3376  3377  3378  3379 36145
 36146  3382 36147  3384  3385  3386 36148 36149  3393  3394 36162 36163
 36165 36166  3395  3400  3397  3402  3403  3404  3405  3406 36177 36178
 36179 36180 36181 36182 36183  3414  3426  3427  3428  3429  3430  3431
  3432  3433  3434 36196  3436  3437  3438  3439  3440  3441  3442  3443
  3444 36213 36214 36215 36216 36209 36210 36212 36220 36221  3454  3455
  3456  3459  3460 36228 36230 36231 36233 36234 36235 36236 36237  3471
 36239  3473  3474 36241  3476  3477 36246  3479 36242 36249  3482  3484
  3485 36252 36253 36259 36260 36261 36262  3495  3496 36264 36263 36268
  3501  3502  3503  3504  3505  3506 36273 36276 36277  3510 36279 36280
  3513  3514  3519  3520  3521  3522 36295  3528  3529  3530 36305  3538
  3539 36306 36309 36312  3547  3548  3549 36316  3555  3556 36325 36326
 36327 36328  3561  3562  3563 36323  3565  3566 36330  3568  3569 36336
 36337  3572  3573  3574 36339 36340 36342 36343  3579  3580  3581 36344
 36346  3584  3585  3586  3588  3593  3595  3600  3602 36376 36382  3621
  3622 36396 36397 36398 36399 36400 36401 36403 36404  3637  3639  3640
  3642  3643  3644  3645  3646  3647  3648  3649  3650  3651  3652 36423
 36424  3657  3658 36425 36426  3661  3662  3663  3664 36427 36428 36429
 36430 36431 36433 36434  3677 36446  3679 36447  3681  3682  3683 36451
 36452  3686 36453 36454 36455 36456  3691 36457 36458 36459  3695 36460
  3700 36474 36479  3712 36480  3714 36481 36482 36483 36484  3719  3722
  3723  3724  3725  3730 36502  3736  3737  3738  3739  3740  3741  3742
  3743 36508 36509  3746  3747  3748 36510  3754  3755  3756  3757  3760
  3762  3763  3764  3765  3766 36531 36535 36536  3770  3771  3772  3773
 36538 36539  3776  3777 36540 36541  3782 36551  3784  3786  3788 36558
 36559 36560 36563  3796  3797 36564  3799 36565  3801 36567 36568  3808
  3809  3810  3811  3816  3818  3819 36588 36589 36590 36591  3824  3825
 36592  3827  3828 36594  3830  3826  3833  3836  3837  3838  3841  3842
  3843 36609  3845  3846 36610  3848 36612 36619 36621  3855  3856  3861
 36638 36640 36641 36642 36643 36644  3881  3889  3890  3891  3892  3894
 36664  3902  3903  3904  3905 36671 36672 36670 36674 36675  3924  3925
  3926  3927 36693 36695 36697 36692  3932  3936 36705 36706  3937  3938
  3939 36714  3947 36715 36722 36723 36724 36725  3960  3964  3965 36732
  3967 36733 36734 36741 36742 36750 36751 36752 36753 36754 36755 36756
 36759 36760 36761 36762 36763 36764 36765 36768  4003 36774  4007 36776
 36777 36778 36779 36775 36783 36784 36785 36786  4022  4023 36792 36793
  4038 36806  4040 36808  4042  4043  4044  4045 36809  4047  4048 36814
  4050  4051 36815  4053  4054  4055  4056  4057  4058  4059  4060  4061
  4062  4063  4064  4065 36825 36826  4068  4069  4070  4071  4072 36832
 36833 36834 36835 36837  4078 36838  4080  4081 36841  4083  4084  4085
 36845 36850 36851  4089 36856  4091  4092 36857 36858 36859 36863  4097
  4098 36864  4100  4101  4102  4103  4104  4105  4106  4107  4108  4110
  4111  4112  4113  4114  4115  4116  4117  4118  4119 36881  4121  4123
 36892  4125 36893  4127  4128  4129  4130 36894 36895  4134  4135  4136
  4137  4138  4139  4140  4141  4142  4143  4144  4145 36905  4147  4148
 36908  4150  4151 36912  4153 36915  4155  4156  4157  4158  4159  4160
  4161  4162  4163  4164  4165  4166 36929 36930 36928 36933  4171  4172
 36934 36935 36936 36937  4177  4178  4179  4180  4181  4182  4183  4184
  4185 36945 36946 36948 36958  4191  4192 36959  4194 36960  4196 36961
  4198  4200  4201  4202  4206  4207  4208  4209  4210  4211  4212  4213
  4214  4215  4216  4217  4220  4221  4222  4223  4224  4230  4231  4233
  4234  4235  4236  4237  4238  4239  4240  4241  4242  4243 37007  4245
 37008  4244  4248  4252  4253  4254  4255  4256 37022 37023  4259  4260
 37025 37026  4263  4264 37028  4266 37029  4268  4269  4270  4271  4272
  4273 37033  4275  4276  4277  4278  4279 37047  4281  4282 37043 37044
  4285  4288  4289  4290  4291  4292  4293  4294  4295  4296  4297  4298
 37059 37062 37063 37065  4303 37068  4305 37071 37075  4308  4309  4310
  4311 37080  4313 37082  4315  4316  4317  4318  4319 37083 37084 37090
  4323  4324 37093  4326  4327  4328  4329  4330  4331  4333  4334 37107
  4340 37112  4345 37113  4347  4348  4349  4350  4351 37115 37116  4354
  4355 37117 37120  4358  4359 37121  4362  4363  4365 37134  4368  4369
 37137  4371  4372  4373  4374  4375  4376  4377  4378  4379  4381  4382
  4383  4384  4385 37151  4387  4388  4389  4390  4391  4392  4393 37157
  4395 37159  4399 37169 37170 37171  4404  4405  4406 37173 37174  4409
 37175 37176  4412  4413  4414 37178 37179 37181 37183  4419  4420  4421
  4422  4423  4424  4425 37194 37195  4426  4427  4428  4429  4430 37201
  4432  4433  4435  4437  4436  4438  4441  4442 37210  4447  4448  4449
  4450  4451  4452  4453  4454 37219  4456 37223  4458  4459  4460  4461
  4462 37224 37228 37225 37234 37226 37227 37229 37230 37233 37237 37239
 37242 37240 37241  4477  4478 37247 37248 37243 37244 37249  4485  4486
 37256 37257 37258 37259 37264 37266  4499 37267 37268  4501  4503  4504
  4506  4507  4509 37278 37279  4512 37281  4515 37284  4517  4518 37286
  4516 37290 37291 37292 37293 37294 37295 37296 37297 37298 37299 37301
  4534 37302 37307 37310 37311  4545  4547  4548  4550 37320 37321  4555
  4556  4557  4558  4559  4560  4561  4562  4563  4564 37335  4570  4571
  4572  4573  4574  4575  4576 37346  4579  4580  4581  4582  4583  4584
 37350  4589  4591  4592  4595  4596  4599 37368  4601  4602 37369 37370
  4611  4612 37379 37380  4615 37381  4617 37382  4619 37388 37389  4623
  4625  4626  4627 37393 37394 37399  4632  4633  4634  4631  4638  4639
  4640 37406 37407  4641  4642  4643  4644 37415  4648  4649  4645 37419
 37420  4655  4656  4657 37426  4662  4663  4664 37430 37431 37432 37433
 37437 37438 37439  4672  4673 37440 37441 37443 37444 37445  4679  4680
 37449 37448 37451 37452 37453  4686 37455  4687 37457  4688  4689  4692
  4693 37456 37463 37464 37465  4696 37467 37468  4698  4700  4701  4703
 37469 37470 37476 37477 37479 37480 37482 37487 37488 37489 37490  4723
  4724  4725 37493  4730 37499  4731  4733 37498 37504  4738  4739  4740
 37509 37510  4745  4746  4748  4749  4750  4751  4753  4754  4755 37529
 37530 37532  4765  4766 37533  4768  4769 37534 37536  4772  4773 37544
  4779 37549  4783  4784 37553 37557 37558 37561 37562  4796  4797 37566
 37567  4801 37571  4803 37577  4810  4811 37580  4812 37585 37586  4829
  4832  4834  4838  4842  4843  4851  4852  4853  4854  4855  4857  4858
  4859 37627  4861  4864  4869  4870  4874  4875  4876  4877  4878  4880
 37649  4881  4882  4884  4883  4886  4887  4888  4889  4893  4894  4895
  4896  4897  4898  4899  4901 37670  4902 37672  4904 37674  4903  4908
  4909 37678 37679  4912  4911 37683 37684  4917  4918  4919  4915  4916
  4922  4923  4924  4920  4921  4927  4928  4929  4930  4935  4936  4937
 37706  4938 37705  4943  4945  4946  4947  4948  4949  4951  4952  4953
  4954  4955  4956  4957  4958  4959  4960  4961  4962 37722  4964  4967
  4972  4973  4977  4978  4980  4981 37755  4993  4996  4998 37770  5003
 37771 37772 37773  5010  5011  5012  5013  5015 37789 37790 37791  5024
 14024 37797  5032 37806 37807 37808 37814  5049 37818 37819  5053  5054
 37821 37825  5058 37827  5060 37828 14032  5064  5065  5066  5063 37836
  5069  5070 37841 37842 37844 37845  5078  5079  5081 37850  5085  5088
 37858  5091 37859 37861  5094 37867  5107  5108  5109  5110  5111 37878
 37879 37882 37883 37884  5123  5124  5125  5126  5127  5128  5130  5131
 37899 37904  5137 37910  5143  5144  5145  5146  5147 37911 37912 37914
  5151  5152  5153  5154  5155  5157  5158  5159  5160  5161  5162  5163
  5164  5165  5166  5167  5168  5169  5176  5177 40106  5182  5183  5184
  5185 37950 37951 37953 37954 37956 37957 37958 37966  5198  5201  5212
  5213  5217  5220  5221  5222  5223  5225  5226  5227  5228  5229  5230
  5232  5233  5234  5235  5236  5237  5238  5239  5240  5241  5244  5245
  5246  5247  5249  5250  5251  5253  5255  5256  5257  5258  5259  5260
 38030 38031  5264 38033 38034  5265  5266  5267 38038  5268  5273  5274
  5277  5278 38049  5282 38050 38051 38053 38052 38056  5289  5290  5291
 38059 38060  5294  5295 38064  5296  5293  5299  5300 38070 38071  5304
  5305  5306 38075  5307 38077  5310  5311  5312 38083  5316 38087 38088
  5321 38089 38090  5327  5333  5335 38110 38111  5345 38115 38116 38117
  5350  5351  5352  5353 38118 38121  5356  5357  5358  5359  5360  5361
 38122  5363  5364  5365  5366  5367  5368  5369  5370  5371  5372 38132
 38142 38134 38138 38139 38140 38151  5385  5390  5391  5395  5396  5397
 38167  5401 38170  5402 38172  5403  5407  5408  5410 38180 38181 38182
  5412 38184 38185  5413 38187 38188  5414  5418  5419  5422  5423  5425
  5426  5427  5428  5429 38191 38199  5424  5448 38219 38220  5457  5458
  5460  5461  5462  5463 38232 38233  5466  5465  5468  5473 38243 38244
  5478 38253 38254 38255 38256 38257  5490  5491 38258 38264 38265  5501
  5502  5503  5504  5513  5514  5515  5516  5521  5528  5529  5530  5531
  5532  5533  5535  5544 38314  5554  5575  5577  5595  5597  5599  5601
 38373 38374  5605  5606 38377  5607 38379  5612  5616  5617  5618  5620
  5621  5622  5623  5624  5625  5626  5627  5628  5629  5630  5631  5632
  5633  5635  5636  5637  5638  5639  5640  5641  5642  5643  5644  5645
  5646  5647 38416 38417  5648 38410 38420 38412 38422  5655 38423  5658
  5659 38428  5660  5666  5667  5668  5670  5675 38448  5681 38451 38452
  5684  5689 38458  5691  5692  5693  5694  5695  5696 38457  5698  5699
  5700 38467  5702  5703  5704 38468 38469  5707  5708 38470 38476  5710
  5712 38483  5716  5717  5720  5721 38488  5725  5726 38495  5729  5730
  5732  5733  5734  5735  5736  5737  5738  5739  5740  5741  5742 38511
 38512 38513 38514  5745  5746  5749  5750 38515 38517 38518  5754  5755
 38524  5756  5757 38523 38525  5763  5764  5765  5766  5767 38536 38537
 38538  5771  5772  5773  5774  5775  5776  5781  5782 38549  5784  5785
  5786  5787 38550 38551  5790  5791 38552 38553  5794  5795  5796 38559
 38562  5799  5800  5801 38570  5803  5804 38573  5806  5807  5808  5809
  5810  5811 38574  5813  5814  5815  5816 38581 38586 38589  5822  5823
  5824 38590 38594  5821  5828  5827  5830  5831  5832  5835  5836  5839
 38611 38612 38613 38614 38615 38616 38617 38618  5845  5852  5853  5854
  5855  5856  5849  5858  5859  5860  5861  5862 38627  5864  5865  5866
  5867 38628  5869  5870  5871  5872 38641  5874 38642  5876  5877 38643
  5879 38645 38646 38649 38656  5889 38659 38660 38663  5896  5897  5898
  5899 38664  5901  5902  5903  5904  5905  5906  5907  5908  5909 38678
  5911  5912  5913 38682 38683  5916  5917 38686 38687 38688 38689 38690
 38691  5925 38694  5926 38696  5928  5929  5930  5934  5935  5936 38702
  5938  5939  5940 38703 38704 38705  5944 38712 38714 38715 38716 38710
  5950 38718  5952  5953  5954  5955 38724 38725 38726 38727  5957  5958
  5962  5963  5964  5966  5967  5968  5969  5970  5973  5975  5976  5977
 38747 38748 38749 38750 38751  5981  5982  5986  5987  5988  5989  5990
 38759 38761  5996  5997  5998 38764 38765  6001 38769  6003  6004 38766
 38767  6007  6008  6009  6006  6011  6012  6013  6014  6015  6016  6017
  6018  6019  6020  6022  6028  6029 38809  6045  6046 38814 38819  6053
 38824  6058  6059  6061  6062  6063  6064 38829  6066  6067 38833  6069
  6070  6071 38839  6073  6074 38834 38844  6077 38838 38843  6075 38849
  6082  6083  6084  6085  6086  6087  6088  6089  6090  6091 38854 38859
 46800 46801  6100 38872  6108  6109 38878 38879 38881  6117 38887 38889
  6122  6123  6125  6126  6130  6131  6132  6133 38902 38898 38904  6138
 38908 38910 38911 38912 46811  6153  6154  6155 38924 38925  6156 38927
 38928  6158  6159  6161  6162  6163  6164  6165  6166 38932  6168  6172
  6173  6176 38945 38946  6179  6177 38951  6183  6186  6187 38954 38955
 38957 38958 38959  6193  6194  6195 38963 38964 38965  6199  6200  6201
  6207 38975  6209  6210  6211 38976  6213  6214  6215  6216  6217  6220
 38988  6224  6225  6226  6227 38997  6235  6237  6238 39007  6243  6244
  6246  6251  6254  6257  6258  6259  6260 39028 39029 39030 39031 39032
 39037 39038 39039  6272  6273  6274  6275  6276 39040 39041 39045 39046
  6281  6282  6283  6284  6285  6286  6287 39048 39054 39055  6291 39056
 39057  6294  6295  6296 39058  6298 39061 39062 39063 39064 39065  6304
 39066 39067  6307  6308 39070 39071  6311  6312  6313  6314  6315  6316
  6317  6318  6319  6320  6321 39081  6323  6324  6325  6326  6327  6328
  6329 39089  6331  6332  6333  6334  6335  6336  6337  6338  6339 39099
 39100 39101  6343  6344  6345  6346  6347  6348  6349  6350 39110 39115
 39116 39117  6355 39118  6357 39119  6359  6360  6361  6362  6363  6364
  6366  6367  6368  6369  6370  6371  6372  6373 39145 39146  6378  6379
  6380  6381  6383  6384  6385  6386  6387 39155  6393 39163  6400  6401
  6402  6403  6404  6405  6406  6407  6408  6410  6411 39179  6413  6414
  6415  6416  6417  6418  6419  6420 39187  6434  6435  6436  6437  6438
  6439  6440  6441 39206  6443  6444 39207  6446 39213 39214 39215  6450
 39219 39220 39221 39222  6451  6452  6453  6454 39227  6455 39229  6456
  6457  6458  6459  6460 39226  6466  6467  6468  6470  6471  6473  6474
 39243 39240 39241 39239  6480  6481  6482  6483  6484  6485 39253  6487
  6488 39254  6490 39259  6492  6493  6494  6495 39260  6497 39265  6491
  6500 39269  6502  6503  6504  6505  6506  6507  6508  6510  6511  6512
  6513 39278  6519  6520  6521  6522  6523  6524  6525  6526  6527  6528
  6529  6530 39294  6533  6539  6540  6541  6542  6543  6544  6545  6546
  6547  6548  6549 39317 39318 39323 39327 39328  6563  6564  6565  6566
  6567  6568  6569  6570  6571  6574  6579  6580  6581  6582  6583  6584
  6585  6586  6587  6588  6589  6590  6591 39362 39364  6596  6597 39365
 39368  6600  6602 39367 39369 39370  6606  6607  6608 39371  6610  6611
 39372  6613  6614 39383  6615 39376 39391  6627  6628  6629 39398  6631
  6632 39403 39405 39406  6637  6638 39409 39410  6639  6640  6645  6643
 39416 39417  6649  6650  6651  6652  6654  6655  6658  6659 39430  6665
 39434  6668  6669  6670  6671  6672  6673  6674  6675  6676  6678 39448
 39449  6682  6683 39454 39455 39456 39457 39458 39459  6686 39461 39462
 39463 39464 39465 39466  6690 39468  6692  6693  6700  6701  6702  6703
 39476 39477  6711  6712 39482 39483  6716  6717  6718  6719  6721  6723
 39493  6725  6726  6727  6728  6733  6735 39504  6736  6737  6738  6741
  6742  6746  6747  6749  6756  6759  6760  6762  6763  6764  6765  6766
  6767  6768  6769  6774  6776  6778  6779 39548 39549 39550  6780  6781
  6788 39558 39559  6800 39624 39630 39634 39635  6877  6880 39654  6887
  6892 39667  6903  6904  6909  6911 39681  6913  6916 39685  6919  6921
 39690 39691  6926  6929 39704 39705 39724  6957  6958  6960  6961  6962
  6963  6965  6966  6967  6975 39751  6983 39754 39756  6990 39759  6991
  6994  6995 39762 39770 39775  7007  7026  7027  7036  7037  7038  7039
 39809  7047  7050 39818 39819 39822 39823  7056  7057  7058 39827 39828
 39831 39832  7067  7068  7069  7070 39840  7072  7077  7078  7079  7080
  7081  7082  7083  7088  7089  7092  7098  7099 39868 39873 39874  7108
  7109  7119  7120  7135  7136  7144  7145 39920  7153  7154  7155 39924
  7156  7162 39931 39932  7163  7164  7166 39938  7172  7173  7176 39945
  7177  7181  7183  7184  7185  7186 39955  7190 39959 39960 39961  7194
  7195 39964 39968  7206  7207  7208  7209 39980  7212  7213 39986  7219
  7220  7221  7222  7223 39994  7227 39995  7229 39997 39998 40000  7226
 39996 40003 40004  7235  7240 40012  7246 40020  7253 40021 40024 40028
 40029 40030 40031  7262  7260  7263  7268 40037  7270 40038 40039  7274
  7275 40044 40045  7278  7279 40046  7281  7282 40049 40050  7280 40056
  7289  7290  7292  7293  7294  7295  7296 40064 40065 40068  7301 40070
 40072  7308 40078  7311 40079 40080  7315  7316  7320  7321 40090 40088
 40089 40096  7330 40100 40102 40103 40104 40105  7335  7337 40108  7338
 40110  7339  7340  7341  7342  7343 40109 40111 40112  7344  7355  7359
  7360  7361  7364  7368 40139 40140  7372  7373  7376  7377  7379 40155
  7388  7389 40156 40158 40160 40161 40162 40164  7397  7398 40165 40168
 40172  7405 40174 40175 40177 40178 40179 40180  7414  7415  7422  7423
  7426 40195 40197 40198  7431 40200 40201  7434  7435 40207  7441  7442
  7443 40209 40210 40212  7451  7452  7453  7454 40228  7464  7465  7466
  7467 40236  7469  7473  7474  7475  7476  7477  7479  7480  7482  7483
  7484  7485  7488  7489  7490  7491  7492  7493  7494  7495  7496  7497
  7498  7499  7501 40271  7506  7507 40276  7511  7517  7521  7522  7524
  7525  7526  7532  7533  7534  7535  7536  7543  7545  7547 40317  7550
 40318  7553 40321 40322 40325  7558  7559  7561  7563  7564 40337  7571
  7576 40349 40350 40355 40356  7590  7594 40366  7609  7611  7612  7613
  7614  7615 40381  7617  7618  7619 40382 40390  7622  7623 40393  7626
 40395 40396  7627 40406 40407  7641 40410 40411 40414  7648 40418  7651
  7658 40434  7672  7676 40448  7681  7682 40452 40454  7687  7691  7692
 40461  7697  7700 40471  7705  7706  7707  7708  7709 40487 40488 40492
  7730  7731  7735  7737  7739  7741  7743  7745  7747  7748  7750  7751
  7752  7756  7757  7760  7761  7762  7765  7766  7768  7773  7779 40549
  7783 40555  7788 40557  7789  7790  7791  7792  7793  7795  7796  7797
  7798 40558  7800  7801  7802 40571 40575  7809 40579 40580  7812  7817
  7819 40588  7820  7827 40597  7838 40607  7841 40609  7849  7856  7859
 40629  7862  7863 40632  7864  7867  7868  7869  7871  7872  7876  7877
  7881  7882  7888  7889  7896  7898 40667  7901  7909 40678  7910  7911
 40682 40683  7916  7917 40684 40685  7922  7923 40694  7928  7929 40698
  7930  7931 40701 40702 40703  7933 40707  7942  7943 40718 40719 40723
  7958  7959  7969  7970  7971 40740  7972  7974  7975 40745 40746  7977
 40748  7978  7979  7980  7985  7986  7987  7991  7994  7995 40762  7998
  7999 40766 40778 40779  8010  8011 40782  8014 40784  8015  8022  8023
  8029  8030 40799 40801  8034  8035  8036  8037  8040  8042  8043  8044
  8045  8049  8050 40821 40822  8055  8056  8057  8058  8059  8060  8061
  8062  8063  8064 40833  8067  8068 40837 34168 40839  8072  8073 34169
  8077  8078  8088  8089  8097  8098  8099  8107  8108  8109  8114  8115
  8118  8119  8120  8124  8125  8126 40894 40896  8129  8130 40898  8131
  8140  8141  8144  8145 40914 40918  8152  8153  8154  8155  8162  8163
 40937 40938  8172  8173  8174 40943  8175  8183 40952 40953  8184  8185
  8186  8194  8195  8196 40968 40970  8204  8205  8214 40983  8215 40988
 40989 40994 40995 40996  8227  8228 40999  8239  8240  8241 41010  8252
  8253  8254  8255 41032 41033  8266  8267  8268  8279  8280  8281  8292
  8293 41087 41088  8320  8321 41089  8319  8331  8332  8333  8334 41111
  8344  8345  8346 41115 41119 41123 41124  8358 41132 41164 41167 41169
 41174 41177 41180 41182 41185 41186 41187 41190 41191 41192 41198 41200
  8434 41203 41204  8435 41207 41212 41215 41218 41220 41224 41225 41226
 41227  8456  8457  8463  8464 41234  8475  8480  8481  8485  8486  8500
 41268  8502  8503 41285  8520  8521  8522  8530  8535  8536  8540  8541
  8542  8543  8551  8552  8553 41322  8557  8558 41327  8560  8561  8562
 41331  8563  8564  8570  8571  8572  8573  8574  8575  8576 41346  8582
  8583 41352  8584  8585 41358 41359  8591  8593  8594  8592 41364 41377
 41378 41379  8610 41381  8614  8615  8616 41382 41383 41387  8611  8612
 41398  8631  8632  8633  8634  8635 41403  8636 41406  8637 41410 41413
 41419  8653  8654 41430 41445 41446 41450 41453  8690  8691 41458  8694
  8695 41462 41465 41466 41467 41470  8703  8704  8705 41474  8706  8707
  8709  8710  8708 41482  8716  8717  8718 41487  8719  8720  8721 41491
 41492  8725  8726 41495  8722  8724 41498 41502  8734 41505  8737  8738
 41508  8739  8740  8741 41512  8742  8743 41515  8748  8746  8747  8751
  8752  8753  8754 41523  8755  8756  8759  8760  8761  8762  8763  8764
 41533  8765  8766 41537 41538  8771  8772  8773  8774  8775  8776 41545
  8777  8778 41555  8788  8789  8790  8791 41567  8801  8802  8803  8809
 41577  8813 41582 41583 41584  8817  8822 41590  8826 41596 41597  8830
 41601  8843  8853  8854  8856  8857  8859  8860  8861  8866  8867  8869
  8870  8871  8872  8873  8874  8879  8881  8883  8884  8885  8893  8894
  8896  8900  8913  8914  8915 41701 41710 41714 41718 41721  8957  8958
 41727 41728 41732 41733  8964  8965 41736 41737  8971  8972  8973 41742
 41743  8974 41748  8980  8990  8991 41764 41770 41772 41773  9010  9011
  9013  9019  9020  9022  9023  9028  9029  9031  9032  9033  9041  9042
 41811 41812 41813 41814 41815  9050  9051 41822 41823 41824 41825 41827
  9059  9061  9065 41834 41835 41836 41838 41839 41848 41849 41850 41851
 41855 41857  9090  9092 41862 41863 41866 41867  9101  9102  9103  9104
 41873 41874 41875 41880  9112  9113  9114  9115 41882 41887 41888 41889
  9124  9125 41892 41893 41898  9131  9132 41900 41901  9135  9136  9137
 41906 41904 41911  9143 41913  9144  9145  9146  9147 41918 41919 41920
  9150  9151  9153  9154 41925 41926  9155  9156  9157 41930  9158  9160
  9161  9162 41935  9164  9165  9166  9167 41940  9170  9171  9172 41936
 41946  9180  9181 41950 41951 41952  9182  9183 41948 41956 41957 41958
  9191  9192 41961 41962 41963  9193 41965 41966 41967 41960 41968  9202
 41971 41972  9203  9204 41977 41978  9213 41987 41988  9219  9220 41992
 41993 41994 41996 41998 42002 42003 42004 42006 42007 42008  9242 42013
  9246  9247  9248 42017 42018  9251  9252  9253 42019 42020  9256  9257
 42021 42025 42026 42027 42028 42031 42032 42033 42034 42035  9265  9269
 42038 42039 42040 42041 42042  9270 42044 42045  9272 42047 42048 42049
  9273 42051 42052 42053 42054 42055  9279 42057 42058 42059 42060  9286
 42062 42063 42064 42065  9292  9293  9297 42069  9298 42071  9299  9302
  9303 42066 42073 42077 42079  9312 42083 42085  9318  9319 42086 42088
 42090 42091 42092 42093  9323  9324  9325 42097 42098 42099 42100  9326
  9329  9330 42104 42105 42106 42107  9331  9336  9337  9341 42112 42113
 42114 42115  9342 42108 42109  9351 42119 42116 42123  9360 42133 42135
 42136 42140 42141 42142  9375  9376 42144 42146 42147  9380 42148 42149
 42150 42151 42152 42153 42154 42155 42156 42157 42158 42159 42160 42161
 42162 42164 42165  9389  9390  9391  9401 42169 42170  9397  9398  9400
  9402  9403  9404  9405  9406  9412  9407 42182  9413  9416  9414  9415
  9418  9419  9420 42190  9421  9422  9426  9427  9428  9429 42195 42196
 42200  9433 42202 42203 42204 42205  9434  9436  9437  9438  9439  9440
  9442  9443  9444 42215 42216 42217  9445  9446 42218  9453 42222 42223
  9454 42225  9455  9456  9457  9458  9459  9460  9461 42233 42234 42227
 42236  9469 42237 42238  9472  9474  9475  9477 42247 42248 42249 42258
 42259 42260 42261  9493  9494 42262 42268  9503  9508  9509 42279 42280
  9518 42291 42292  9530  9531  9532 42301 42302  9537  9538  9539  9540
  9547  9550  9552  9553  9554 42323 42324  9557  9558  9560  9561  9562
  9564  9566  9567 42335  9569 42334  9571  9572  9573  9574  9575 42344
  9577  9578  9579 42346  9581  9582  9580  9584  9585  9586  9587  9583
 42357 42358  9589  9590  9591  9592  9595  9596  9597  9598 42367 42368
 42369  9600  9603  9604  9605  9606 42377 42378 42380 42389 42390  9628
 42401 42402 42409 42410  9643 42426  9661  9662 42438 42439  9672  9673
  9674  9675  9676  9677 42444 42443 42445 42446 42447 42451 42452 42454
  9687  9688  9689 42455  9691 42457 42463  9702  9703  9706  9710  9715
  9716  9725  9726  9730  9731  9733  9734  9741  9745  9746  9748  9755
  9768  9769  9770  9773  9774  9776  9777  9783  9784  9789  9791 42563
 42564 42565  9804  9805  9807 42577 42581  9819  9820 42611 42614  9849
  9850  9851  9852  9853 42619 42623  9857  9859  9860  9864  9865  9867
  9868 42637 42639  9871  9872  9874  9875 42643  9877 42646  9879  9880
 42649  9882  9878  9881  9884  9885 42655  9886  9887  9888  9892  9893
  9894  9895  9899  9900  9901  9902  9904  9905  9909 42678 42681 42682
 42686 42687 42688  9922  9923 42692 42693 42694 42695  9928  9929  9930
 42696 42702 42703  9934  9935  9936  9937  9938  9941 42710  9942  9944
  9945 42707  9948  9949  9951  9955  9956  9957  9960  9961  9962  9963
  9964  9967  9968  9969  9970  9971 42740  9975  9976  9977 42746 42747
  9982  9983  9992  9993  9997 10002 10005 10006 42773 10009 10014 10015
 42783 10017 42784 42785 10023 10024 10025 10026 10027 42794 42795 10032
 10033 10050 10054 10078 10083 10084 42855 42856 10090 10095 10096 10097
 10098 42880 10121 10140 10173 10202 10208 10209 10216 43000 43015 43016
 10266 10267 10275 10276 10277 10285 10286 10287 43058 43059 43061 43062
 43063 43064 43065 10294 43068 43070 10310 10311 43078 43083 43086 43088
 43089 43091 43092 43093 43094 43096 43097 43101 34619 43110 10357 10358
 34623 43134 10367 10368 10371 43144 10377 10378 43147 10381 43150 43194
 43195 43196 43198 43200 43201 43204 43207 43219 43224 10456 10463 43235
 43236 43237 10472 10473 10474 43242 43250 43252 10485 43253 43254 10489
 43258 10491 10492 43260 10501 10502 10503 10504 43270 43271 10507 10508
 43272 10517 43286 10521 43289 43290 43294 43297 10531 10532 43307 43308
 43312 10546 43315 10547 43317 10548 10554 10555 43325 43326 10561 43330
 10563 43335 10574 10579 10591 43367 43368 43369 10605 10606 43386 43387
 43389 43404 10637 10638 43405 43408 43409 10645 10646 10647 10648 10649
 10653 10656 43426 43430 43431 43432 10663 10664 10667 43433 10673 10674
 10675 10680 10681 10682 10683 43451 43452 43453 43454 43456 10689 10690
 10688 10691 10692 34689 10700 43469 43470 43471 10706 10707 10708 10710
 10713 43486 43487 43488 43489 10725 43503 43504 43505 43506 10739 43507
 10741 10742 43508 43517 10752 10753 43520 10755 10756 43523 43524 43531
 43532 43534 43536 43537 10770 10772 10773 43540 34706 43541 43549 43550
 10784 10785 43554 10787 10789 10790 43558 43564 10798 10799 10800 10801
 10802 10803 10804 43566 43567 43568 43569 34713 43579 10812 43581 10813
 10814 10816 10817 10815 10819 34714 43580 43582 43591 43592 43593 43585
 43596 43597 43598 10829 43600 43601 43602 10832 10830 43599 43607 10843
 10844 43615 43616 43617 43618 43619 43620 43624 10859 10860 43632 43633
 43635 43636 43637 10871 10872 43641 10874 43650 43651 10887 10888 10889
 43661 43663 43665 43666 43676 43677 43685 43686 43698 43699 10935 43704
 43709 43710 10942 10943 43711 43715 10948 10949 10950 10951 43722 10955
 10956 10957 10958 10961 43732 10965 43734 43735 10969 43746 43770 43786
 43787 43792 43793 43794 11037 43817 43822 43826 43833 43841 43842 11075
 43849 43850 43859 43860 43861 43862 43868 43869 43870 43873 43874 43876
 43879 43880 43881 43882 11116 43888 43891 43892 43893 43894 43900 43903
 43904 11136 43907 43908 11148 11161 11162 43933 43934 11166 11167 43938
 43941 11175 11176 43955 43961 43962 11199 43968 43969 11201 11204 11208
 11209 43980 11213 11214 43981 43984 11217 11223 11224 43992 44001 44005
 44007 44010 44011 44012 44013 33010 44015 44016 44017 11244 44019 44020
 44021 11245 44023 11254 44025 11255 44027 11263 44032 11264 44035 44038
 44039 11273 44044 44045 44046 44047 44048 44050 44051 44062 44066 11300
 44071 44072 11319 11320 11321 44090 11322 44093 11327 44097 44099 44103
 44107 44108 44117 44118 44119 44121 44124 44133 44139 44144 44145 44146
 11378 11381 44153 44159 44160 44161 44169 44175 44176 44182 44201 44209
 11443 44212 44213 11445 11446 11447 44218 44220 44222 11455 11456 11454
 11457 44229 44230 44231 11462 11465 11466 44237 44238 44239 44240 44241
 11470 11471 11477 44245 44246 44248 44249 11478 11479 11485 11486 11487
 11488 44256 44260 44264 44265 44266 44269 44270 44271 44272 44276 44277
 44278 44282 44283 44284 44285 44289 44290 11527 44295 44297 44298 44299
 11529 11530 44296 11535 44301 44305 44306 11538 11539 11540 44307 44311
 44312 11545 44313 44317 44318 44319 11552 44320 44322 44325 11557 11558
 11560 11561 44326 44331 11564 44339 44340 44344 11577 44346 44347 44352
 11586 11587 44357 44360 44362 11595 11596 44365 44367 44368 44370 44373
 44389 44390 44391 44395 44396 44398 44399 44400 44410 44411 44413 11653
 44429 44430 44436 44442 44446 11679 11680 44447 44451 11688 44471 44472
 44474 44479 44480 44492 44493 44494 44495 44507 44508 44509 44510 11743
 11752 44521 44523 44524 44525 44533 44534 44536 44539 44540 44545 44546
 44547 44548 44549 44554 44555 44556 44557 44558 44559 44560 44561 44563
 44564 44572 44573 44574 44575 44576 44585 44586 44601 44607 44613 44619
 44624 44629 44630 44636 44640 44642 44647 44648 44654 44659 44660 44664
 44665 44666 44670 44671 44672 44674 44675 44676 11909 11910 44680 44681
 44682 44683 44686 44687 44688 44689 44692 44693 44694 44695 44698 44699
 11932 44700 44744 44745 44752 44757 44759 44763 44764 44765 44773 44776
 44777 44782 44787 44790 44791 44792 44795 44796 12027 44800 44801 44808
 44810 44811 44814 44816 44817 44822 44824 44825 44830 44831 44836 44837
 44839 44851 44852 12098 12110 44914 44915 44916 44917 44921 44922 44923
 44925 44927 44928 12164 44933 44934 12167 12168 44935 44939 12172 12173
 12174 12175 12176 44940 44946 44947 44941 12181 44942 12183 44948 44952
 44953 44955 44956 44957 44958 12192 44960 12195 44963 44965 12201 12202
 44970 12204 44969 12211 44988 12226 12227 12229 12231 12233 12241 12243
 12245 12246 12251 12252 12256 12257 12260 12269 12270 12271 12272 12273
 12278 12282 12286 12287 12291 45060 45061 12297 12299 12300 12306 12307
 12308 12309 45083 12318 12319 45091 12325 12326 12329 12330 12331 45104
 12337 12338 12347 45116 45117 12351 12360 12361 45129 45130 12365 45135
 45139 45140 12374 45143 12376 12377 45144 45146 45147 45148 12383 12385
 45154 45155 45153 45156 45161 45162 45163 45164 45165 45170 12403 45171
 12405 45172 12417 12418 12419 12426 12427 45194 45198 12433 12434 45202
 45204 12437 45205 45207 45208 12441 12442 12443 45209 45210 12446 12447
 45211 45212 12450 12451 45213 45214 45215 12455 12456 12457 45217 45227
 45228 12463 45236 45237 45262 12494 12498 45266 45268 12503 45272 45273
 45277 12512 12523 45292 45294 12527 12528 12532 12536 12537 45305 12541
 12542 12546 12547 12558 12560 12561 45334 45335 45340 12573 45351 12596
 12605 12606 45374 12609 45378 45379 12610 45383 12619 12620 45389 45391
 12624 45394 45395 12628 12629 45396 45399 45398 45402 45404 12637 12636
 45407 12641 45409 45411 45412 45410 12648 45417 45419 45423 45429 45431
 45433 45435 45436 45437 12670 45438 12672 45439 45441 45440 45446 12679
 12680 45447 45454 12687 12688 12689 12690 45460 45461 45462 12699 12700
 45476 45477 45478 45483 12716 12717 45485 45486 12725 12726 45493 45496
 45499 12732 12733 45502 45503 45505 45507 45509 12741 12742 12743 12744
 12745 12746 45512 12750 12751 12752 45521 45522 12753 12754 12755 45524
 45525 45526 12761 12762 12763 12764 45527 45528 12767 12770 12771 12772
 12773 12774 12775 12776 12777 45538 12779 12780 12781 12782 45545 12784
 12785 45546 45547 45556 45557 12793 12794 45568 12802 12803 45573 45574
 45578 45579 45583 45584 45585 45589 45590 45594 12827 45595 45596 12830
 45597 45601 45602 12836 45605 45606 12839 45607 45608 45609 45610 45611
 45612 45613 45616 45617 12850 45618 45619 45620 45621 12855 45622 45623
 45624 12859 45627 12861 12862 45628 12864 12865 12866 45630 45631 45633
 45634 45635 45637 45638 12874 12875 45639 45645 12881 45652 45653 45654
 12890 12891 45660 12892 45662 12893 45658 45659 45661 45667 45664 45669
 45665 45668 45670 45671 45672 45673 45675 45676 12910 45677 45678 45679
 45680 45682 45684 45685 12919 45689 45691 45692 45693 45694 45695 45696
 12951 12952 12955 12956 12961 12965 12966 12967 45746 45747 12982 12983
 45757 12990 12991 45758 45764 45765 45771 45789 45798 45799 45800 45809
 13048 13049 13056 13057 13058 13060 45831 13064 13065 45832 13066 13067
 13073 13074 45841 13075 13082 13083 13086 45859 45860 45861 13096 13097
 45866 13101 13102 45869 13104 13105 13106 45870 45871 45873 45874 45875
 45876 45877 45878 13115 45879 45885 45888 45890 45891 13124 45892 45894
 45895 45893 45897 45898 45899 45900 13134 13135 45903 45905 45906 45907
 13137 45909 13138 45911 45912 45913 13146 45915 13139 13140 45918 45919
 13150 13151 13152 13153 13155 45925 45917 45924 45928 45929 13164 45933
 45934 13165 45936 13166 45938 45939 45940 45941 13167 45943 45944 45945
 13169 13170 45948 13177 13178 13179 13180 13181 13188 45957 45958 13189
 13190 13191 13192 45963 45966 13200 13201 13204 13206 13207 45975 45976
 45974 45983 45984 13215 13218 13219 13216 13217 45985 45986 45993 45994
 45995 13228 13229 13230 45996 46004 46005 46006 13242 13246 46014 46015
 13249 13251 13260 13269 13270 46039 46040 13277 13278 13279 13280 13287
 13288 13289 46058 13295 13296 46065 13297 13298 46068 46069 46070 13305
 13306 46076 46081 13320 46088 46089 13323 46090 46095 46096 46097 46098
 46101 46102 13335 46103 46104 46106 46108 46109 13342 13343 13344 46110
 46112 46113 46116 46117 13350 13351 13352 46119 46122 46120 13359 13360
 13361 46130 46133 46134 46140 46141 13377 46148 46151 46152 46154 46155
 46159 46160 46161 46164 46165 46166 46167 46168 46169 13397 46171 13404
 13405 13406 46173 13408 46174 13402 13413 46183 13416 46185 46186 46187
 46191 13424 46193 46194 13425 46199 13432 13433 13436 13437 46206 46207
 13444 13445 46212 46214 46213 46218 46219 46220 46221 46222 13450 13456
 46224 46226 46227 13451 46228 13462 13463 46233 46234 46235 46240 46241
 46242 46243 46244 46254 13488 13492 13497 13498 46268 13502 13503 13505
 13507 46279 46280 13515 46288 46289 13524 13531 13536 13538 13540 13542
 46310 13544 13545 13547 46329 13562 13565 13571 46341 13584 46354 13588
 13589 13592 13596 13598 46367 13601 46369 13605 46373 13610 13611 46387
 46388 13623 46391 46392 13631 13632 46401 46407 13640 46418 13651 46422
 46423 13659 13660 46427 13662 13663 46428 13665 13666 13667 13668 46429
 46430 46437 46438 46439 46440 13677 13678 13679 46445 13686 46457 46459
 46468 46469 46470 46471 46479 46480 46481 46482 46491 46492 46501 46502
 46507 46508 46515 46516 46517 46528 46529 13770 46542 46543 46544 13778
 13781 46549 46550 46551 46555 13788 46557 46558 13789 13790 46556 46560
 13795 46564 46565 46566 13799 46567 13804 46572 13807 46578 46579 46580
 46581 13814 13815 46582 13813 13816 13817 46583 46588 46589 13823 13824
 13825 13826 46594 46595 46599 13834 46603 46604 13835 13840 13845 46615
 13850 13851 46621 46626 46627 13860 46628 13870 13871 13872 46640 46648
 46649 46650 46653  9274 46661 13896 13897  9275 46670 46671 46674  9277
 13909  9278  2767 46692  9281 13930  9282 13934 46703 46704  9283 46706
 46707 13942 46713 13946 13947 46714 13952 46725  9287 46728 46729 13968
 13969 46739 46741 46742 46743 46744 46745 13980 46750 46752 46753 46754
 46755 46756 46759 46761 46763 46764 46765 46766 46768 46770 46773 46774
 14006 46775 46777 46778 46779 46780 46781 46783 46784 46785 14015 46786
 14020 46789 46790 46791 46792 14021 14025 46795 46796 14026 14027 14028
 14029 14033 14030 46803 14031 14034 14035 46807 46808 46809 14042 14036
 14037 14038 14039 14040 14041 46810 46818 46819 46820 46822 46823 46824
 46830 46831 46832 46833 46834 46835 46836 14072 46841 46842 14073 46844
 46846 46847 14081 14082 46854 46855  2801 46892 46901 46905 14162 46937
 46946 46947 46948 14190 14191 46958 46959 46963 46964 46965 14200 46969
 46970 46971 14204 14201 46977 46978 46983 46984 47004 47005 47010 47011
 47012 47015 47017 47018 13399 47023 14274 41915 41916 14286 14287 47056
 14288 14289 14290 14296 14297 14300 14305 14306 14307 14308 14309 14315
 47084 14316 14317 14321 14322 14323 14324 14325 47095 14330 14331 14332
 14333 14334 14338 14339 47107 14340 14341 14342 14343 47113 47114 14347
 41929 14346 47121 47122 47123 14356 47124 47125 14355 47133 47136 47146
 47155 47156 47159 47167 47170 47171 14410 14411 14412 47182 14416 47186
 14422 47192 47196 47197 14428 14436 47205 47216 47225 14458 47227  9387
 47230  9388 47236 47237 47238 14468 47240 47241 14469 14475 47247 47248
 47249 14484 47254 47255 47261 47262 47263 14493 47265 14500 14506 14507
 47275 47276 14508 14509 14516 47286 47287 14518 47290 47291 47292 47293
 14522 14523 47299 47303 47304 47307 47313 47323 14556 47328 47331 47354
 47364 47386 47387 47390 47391 47394 47403 47408 47410 47411 14646 14647
 47416 47417 47418 14655 47423 47424 47430 47433 47434 47439 47441 47447
 47450 47458 47459 47466 47467 14699 47470 47471 47472 47474 47475 47476
 47477 47478 47479 14710 47484 47485 47489 47495 47496 47497 47501 47502
 47503 47504 47509 47515 47516 14748 14749 47521 47522 47523 47524 14760
 14761 47530 14799 14807 14808 14861 14870 14877 14878 14886 14887 14917
 14918 14973 14974 14975 14979 14984 14988 14989 14997 14998 15007 15012
 42061 15016 15025 15026 15034 15035 15042 15043 15053 15054 15065 15067
 15068 15069 15079 15080 15081 15087 15088 15096 35565 15099 15100 15101
 15108 15109 15117 15118 15119 15120 15132 35572 35573 15144 15145 15146
 15157 15159 15161 15164 15165 15166 15168 15170 15171 15172 15173 15174
 15178 15180 42095 15184 15185 15186 15187 42096 15190 15193 15198 42101
  3024 15216 15218  3025 42103 15224 15225 15227 15228 15230  3027 15236
 15237 15239 15240  3029 15246 15247 15250  3031  3032 15259 15260  3033
 15270  3035 15272 15273  3036 15277  3037 15281 15294 15297 15303 15305
 15306  3042 15314  3045 15323  3046  3047 15339  3049  3050 15348 15354
 15358 15359  3053 15364 15368 15369 15374 15377 15380 15383  3058  3059
 15392 15395  3060 15397 15398  3061 15402 15406 15407 15411 15419 15429
 15430 15434 42145 15437 15441 15443 15445 15446 15448 15449 15450 15451
 15453 15454 15455 15456 15457 15460 15461 15464 15465 15466 15467 15468
 15469 15476 15478 15481 15485 15486 15490 15501 15502 15503 15506 15507
 15515 15516 15518 15519 15520 15522 15524 42163 15528 15529 15535 15536
 15545 15552 15562 15563 15571 15578 15579 15580 15584 15593 15594 15595
 15610 15611 15615 15617 15623 15632 15638 15640 15641 15643 15649 15650
 15652 15658 15659 15665 15669 15670 15671 15672 15673 15674 15676 15678
 15679 15680 15683 15687 15688 15691 15699 15708 15709 15710 15713 15718
 15719 15721 15723 15724 15726 15727 15730 15734 15743 15745 42207 15747
 15750 15751 42208 15753 15760 15762 15763 15764 15771 15772 15773 15775
 15781 15783 15784 15786 15789 15794 15795 15798 15801 15803 15807 15810
 15811 15812 15815 15818 15821 15824  3145 15830 15833 15841 42228 15860
 15864 15865 15866 15868 15875 15876 15885 15888 15890 15891 15892 15895
 15896 15897 15901 15904 15905 15906 15909 15910 15912 15914 15915 15916
 15918 15921 15924 15925 15932 15936 15937 15939 15943 15946 15948 15949
 15951 15954 15958 15962 15963 15964 15965 15967 15970 15973 15974 15982
 15985 15986 15990 15991 15995 15996 15997 16001 16002 16004 16007 16008
 16010 16016 16021 16023 16025 16031 16032 16033 16034 16035 16036 16044
 16046 16047 16048 16050 16052 16053 16056 16057 16059 16062 16064 16073
 16074 16075 16076 16078 16082 16085 16091 16092 16093 16098 16099 16107
 16109 16112 16118 16119 16121 16123 16124 16125 16126 16127 16128 16130
 16131 16132 16134 16137 16138 16140 16149 16155 16156 16169 16170 16174
 16178 16179 16183 16187 16188 16194 16195 16203 16205 16208 16215 16216
 16218 16221 16222 16224 16230 16231 16233 16234 16240 16241 16244 16246
 16247 16248 16249 16253 16254 16256 16257 16258 16260 16263 16265 16268
 16272 16275 16279 16281 16282 16284 16287 16288 16290 16291 16294 16295
 16297 16302 16309 16314 16318 16319 16323 16325 16327 16328 16332 16334
 16335 16336 16337 16338 16341 16345 16346 16347 16350 16354 16355 16356
 16358 16359 16363 16364 35817 16366 16367 16370 35818 35819 16376 16377
 16378 16379 16380 16381 16385 16386 16397 16406 16409 16416 16418 16420
 16421 16426 16427 16428 16430 16432 16433 16435 16436 16438 16439 16440
 16441 42345 16445 16446 16447 16453 16455 16456 16458 16467 16468 16470
  3274 16476 16477  3275 16480 16482 16483 16488 35843 16497 42356 16501
 16505 16506 16507 16508 16509 16515 16516 16517 16528 16529 16530 16538
 16539 16540 16541 16542 16550 16551 16554 16555 16556 16557 16563 16573
 16574 16575 16576 16578 16579 16580 16586 16587 16588 16590 16591 16594
 16595 16598 16602 16604 16605 16606 16610 16611 16612 16613 16614 16623
 16624 16625 16627 16630 16633 16634 16637 16641 16643 16645 16646 16648
 16649 16650 16652 16658 16659 16660 16661 16662 16663 16664 16666 16667
 16669 16671 16677 16678 16680 16681 16682 16683 16684 16686 16687 16688
 16689 16692 16693 16694 16696 16698 16699 16701 16702 16703 16705 16706
 16708 16710 16711 16713 16717 16718 16719 16722 16723 16733 16743 16751
 16753 16757 16758 16759 16760 16762 16767 16768 16769 16770 16771 16774
 16775 16776 16777 16780 16781 16782 16783 16784 16785 16786 16787 16789
 16790 16791 16792 16793 16796 16798 16799 16805 16806 16810 16811 16814
 16815 16818 16821 16822 16826 16827 16830 16831 16837 16838 16839 16840
 16845 16846 16847 16848 16849 16852 16853 16854 16855 35916 16864 16865
 16867 16868 35917 16873 16874 35918 16876 16877 35919 16884 16885 16887
 16888 16889 16890 16891 16892 16893 16894 16897 16898 16899 16900 16901
 16902 16905 16906 16907 16911 16912 16915 16917 16918 16921 16922 16927
 16928 16932 16935 16936 16937 16938 16939 16940 16945 16950 16951 16952
 16953 16954 16957 16959 16961 16962 16963 16964 16968 16969 16970 16971
 16975 16980 16982 16984 16988 16989 16990 16992 16993 16994 16995 16996
 17002 17004 17005 17007 17009 17011 17012 17013 17014 17016 17017 17018
 17025 17027 17029 17030 17031 17034 17035 17036 17039 17041 17043 17044
 17050 17051 17054 17057 17058 17059 17060 17061 17062 17063 17066 17067
 17068 17072 17073 17075 17078 17079 17082 17084 17085 17086 17087 17091
 17092 17093 17094 17095 17096 17097 17098 17100 17102 17103 17104 17107
 17108 17111 17112 17116 17117 17121 17129 17130 17135 17137 17138 17140
 17141 17144 17145 17146 17149 17150 17151 17152 17154 17157 17158 17159
 17162 17163 17164 17165 17167 17168 17169 17170 17171 17173 17174 17175
 17176 17177 17178 17180 17181 17182 17183 17184 17185 17186 17187 17188
 17189 17191 17193 17194 17197 17198 17199 17200 17201 17202 17203 17204
 17205 17209 17210 17211 17212 17213 17214 17215 17216 17219 17220 17221
 17222 17223 17225 17226 17228 17229 17231 17232 17233 17235 17236 17240
 17241 17243 17244 17245 17247 17248 17252 17253 17254 17255 17256 17262
 17263 17265 17266 17268 17269 17270 17271 17272 17273 17274 17276 17277
 17278 17280 17281 17287 17288 17290 17291 17292 17294 17295 17296 17297
 36002 17299 17306 17307 17311 17312 17313 17315 17316 17318 17320 17324
 17325 17327 17328 17329 17330 17331 17332 17333 17334 17335 17336 17337
 17338 17339 17340 17341 17342 17343 17344 17346 17347 17348 17349 17350
 17351 17353 17356 17357 17361 17362 17363 17365 17366 17371 17375 17377
 17378 17379 17381 17383 17384 17385 17386 17389 17390 17392 17394 17395
 17397 17398 17399 17403 17406 17410 17412 17415 17416 17418 17419 17424
 17425 17426 17427 17428 17431 17433 17434 17435 17436 17437 17440 17441
 17442 17443 17444 17445 17448 17450 17451 17453 17454 17456 17460 17467
 17468 17469 17470 17471 17474 17475 17476 17479 17480 17481 17488 17489
 17490 17491 17492 17495 17496 17497 17499 17500 17502 36043 17503 17505
 17506 17507 17508 17509 17504 17511 17512 17513 17514 17515 17516 17519
 17520 17525 17527 17528 17529 17530 17534 17535 17536 17538 17539 17540
 17541 17543 17544 17545 17546 17547 17548 17549 17550 17551 17552 17553
 17554 17555 17556 17557 17558 17559 17560 17561 17562 17563 17566 17567
 17568 17570 17571 17572 17573 17575 17576 17577 17578 17579 17580 17581
 17582 17587 17588 17589 17591 17592 17593 17594 17600 17601 17603 17604
 17605 17608 17609 17610 17611 17612 17613 17614 17618 17619 17620 17621
 17622 17623 17624 17625 17627 17632 17633 17637 17638 17639 17640 17641
 17643 17644 17646 17647 17648 17649 17650 17651 17652 17653 17654 17655
 17657 17658 17659 17660 17661 17662 17664 17665 17666 17667 17668 17670
 17671 17672 17673 17674 17675 17676 17677 17678 17681 17682 17683 17684
 17685 17686 17687 17688 17690 17691 17693 17694 17696 17698 17699 17700
 17701 17702 17703 17704 17705 17716 17718 17719 17721 17722 17725 17726
 17727 17728 17730 17731 17732 17733 17734 17735 17737 17741 17746 17747
 17748 17750 17751 17752 17754 17755 17756 17757 17758 17759 17760 17761
 17763 17764 17765 17766 17767 17770 17771 17772 17773 17775 17776 17777
 17778 17779 17780 17781 17782 17783 17784 17785 17787 17789 17790 17791
 17792 17793 17794 17795 17797 17798 17799 17800 17801 17802 17803 17804
 17807 17808 17809 17810 17811 17816 17817 17818 17819 17820 17821 17822
 17826 17829 17830 17831 17832 17834 17835 17839 17840 17841 17845 17848
 17849 17851 17852 17853 17854 17855 17856 17857 17858 17859 17861 17862
 17863 17864 17866 17867 17870 17871 17872 17875 17881 17882 17884 17886
 17887 17888 17889 17890 17891 17892 17893 17894 17895 17896 17897 17898
 17899 17900 17901 17902 17903 17904 17905 17906 17908 17909 17910 17919
 17922 17923 17924 17925 17930 17931 17937 17938 17939 17941 17942 17943
 17944 17945 17946 17947 42647 18034 18043 18144 18145 18154 18155 18156
 18157 18158 18165 18166 18170 18171 18177 18182 18188 18189 18194 18196
 18197 18199 18233 18234 36195 36197 36198 36201 36202 18332 18359 18395
 18461 18462 18477 18478 18499 18506 18507 18514 18521 18522 18523 18524
 18525 18536 18537 18538 18550 18551 18552 18553 18554 18561 18566 18568
 18569 18575 18576 18583 18593 18594 18599 18634 18635 18636 18637 18643
 18644 18645 18646 18653 18654 18655 18662 18663 18670 18671 18672 18679
 18680 18721 18722 18776 18787 18795 18801 18807 18810 18811 18812 18834
 18845 18846 18856 18857 18858 18859 18868 18911 36324 18926 18927 18928
 18929 18933 18943 18946 18947 18949 36331 18952 18961 18962 18963 18964
 18968 18970 18975 18976 18979 18980 18982 18983 18985 18989 18998 18999
 19001 19002 19003 19004 19005 19013 19016 19017 19018 19019 19020 19021
 19034 19035 19054 19055 19059 19060 19064 19066 19069 19084 19085 19089
 19091 19095 19096 19098 19100 19106 19108 19120 19122 19123 19126 19129
 19130 19136 19138 19141 19142 19152 19163 19185 19199 19207 19214 19221
 19228 19235 19236 19241 19242 19253 19254 19255 19267 19268 19269 19270
 19278 19279 19280 19282 19283 19295 19296 19297 19304 19305 19309 19310
 19323 19336 19337 19357 19358 19359 19360 19361 19362 19363 19364 19365
 19366 19367 19368 19369 19371 19372 19373 19374 19376 19377 19378 19379
 19382 19383 19384 19386 19387 19388 19389 19391 19392 19393 19394 19397
 19398 19399 19405 19406 19407 19408 19409 19412 19413 19414 19417 19418
 19419 19421 19422 19423 19427 19428 19429 19431 19432 19433 19434 19435
 19436 19438 19439 19440 19441 19442 19443 19444 19446 19447 19448 19449
 19451 19455 19456 19458 19459 19461 19462 19464 19466 19474 19504 19505
 19506 19507 19508 19509 19510 19512 19513 19514 19515 19516 19517 19518
 19519 19520 19522 19523 19524 19525 19526 19527 19528 19529 19530 19531
 19532 19533 19534 19535 19536 19537 19538 19539 19540 19541 19542 19543
 19544 19545 19546 19547 19548 19549 19550 19552 19553 19554 19555 19556
 19557 19558 19559 19560 19563 19564 19565 19566 19567 19568 19569 19570
 19573 19574 19575 19576 19577 19578 19579 19580 19583 19584 19585 19586
 19587 19588 19589 19590 19591 19592 19596 19597 19598 19599 19600 19601
 19602 19603 19604 19605 19606 19607 19608 19610 19611 19612 19613 19614
 19615 19616 19617 19618 19619 19620 19621 19622 19625 19626 19627 19628
 19629 19630 19631 19632 19633 19634 19635 19640 19641 19642 19643 19644
 19645 19653 19654 19655 19656 19657 19658 19659 19671 19672 19673 19684
 19685 19686 19687 19699 19700 19701 19714 19715 19827 19828 36506 19843
 19844 19845 19849 19853 19860 19861 19862 19878 19893 19894 19899 19908
 19909 19910 19911 19912 19932 19933 19934 19935 19936 19937 19938 19939
 19940 19944 19945 19946 19947 19948 19949 19950 19951 19952 19953 19954
 19958 19959 19960 19961 19962 19963 19964 19965 19966 19970 19971 19972
 19973 19975 19976 19977 19986 19987 19988 36537 19991 19998 19999 20000
 20018 20019 20020 20033 20034 20035 20036 20037 20038 20039 20040 20041
 20043 20044 20045 20046 20049 20050 20051 20052 20053 20054 20055 20056
 20057 20059 20060 20061 20062 20065 20066 20067 20068 20069 20070 20071
 20072 20073 20074 20075 20076 20077 20078 20085 20086 20087 20088 20089
 20090 20091 20092 20093 20094 20100 20101 20102 20103 20104 20105 20106
 20109 20110 20113 20116 20117 20118 20119 20120 20121 20122 20125 20126
 20129 20132 20133 20134 20135 20136 20137 20138 20139 20140 20141 20142
 20145 20146 20147 20148 20149 20150 20152 20153 20154 20155 20156 20157
 20158 20161 20162 20163 20164 20165 20166 20168 20169 20170 20173 20174
 20181 20182 20183 20184 20185 20186 20187 20188 20189 20190 20197 20198
 20199 20200 20201 20202 20203 20204 20205 20206 20213 20214 20215 20216
 20217 20218 20219 20220 20221 20222 20229 20230 20231 20232 20233 20234
 20235 20236 20237 20243 20244 20245 20246 20247 20253 20254 20255 20256
 20257 20262 20263 20264 20265 20266 20267 20274 20275 20276 20277 20280
 20285 20286 20287 20290 20293 20294 20295 20296 20300 20310 20325 20329
 20330 20331 20332 20333 20334 20339 20340 20341 20343 20344 20345 20351
 20352 20353 20355 20366 20375 20376 20378 20387 20396 20397 20417 20433
 20434 20451 20452 20453 20454 20456 20457 20469 20470 20473 20482 20490
 20492  4074 20507 20508 20509 20512 20523 20524 20525 20533 20541 20542
 20546 20551 20552 20553  4087 20565 20566 20582 20583 20601 20626 20627
 20641 20642 20649 20651 20652 20653 20654 20663 20664 20666 20667 20673
 20693 20701 20706 20707 20714 20719 20720 20726 20728 20732 20733 20734
 20735 20739 20740 20741 20742 20747 20748 20749 20755 20777 20778 20779
 20790 20792 20793 20804 20820 20821 20822 20823 20826 20835 20836 20837
 20848 20849 20862 20863 20864  4149 20877 20878 20895 20903 20904 20908
 20909 20911 20912 20913 20916 20917 20922 20923 20925 20926 20929 20936
 20939 20940 20941 20942 20952 20953 20956 20964 20965 20986 20993 20994
 20999 21005 21013 21030 21031 21034 21035 21038 21040 21041 21042 21046
 21047 21050 21051 21058 21059 21060 21061 21066 21068 21069 21070 21074
 21075 21077 21078 21083 21084 21085 21086 21090 21092 21093 21094 21095
 21099 21100 21101 21102 21103 21104 21106 21107 21108 21109 21110 21111
 21112 21113 21115 21116 21119 21120 21121 21124 21127 21129 21134 21135
 21136 21137 21140 21141 21143 21144 21164 21165 21167 21176 21186 21187
 21188 21189 21190 21191 21192 21193 21194 21195 21196 21197 21203 21205
 21206 21207 21208 21209 21210 21211 21212 21213 21215 21216 21217 21221
 21222 21223 21224 21240 21241 21242 21264 21265 21266 21267 21273 21274
 21283 21284 21285 21286 21287 21292 21293 21305 21306 21323 21324 21325
 21341 21342 36807 21357 21360 21361 21376 36816 21395 36817 21396 21397
 21398 21401 21402 21403 36820 21414 21416 21417 36822 21421 21422 21424
 21425 36823 21423 36824 21433 21435 21436 21437 21438 21440 21442 21443
 21444 36827 21454 21455 36829 21456 21457 36830 21461 21462 21463 21466
 36831  4267 21473 21474 21475 21479 21481 21482 21483 21484 21485 21486
 21487 21493 21494 21495 21498 21499 21505 21506 21507 21508 36839 36840
 21515 21516 36842 21523 21524 36843 21534 21535 21541 21542 21544 21545
 21546 21554 21555 36849 21560 21561 21563 21564 21575 21576 21577 21594
 21595 21596 21599 21600 21601 21602 21613 21614 21618 21619 21620 21621
 21622 21636 21637 36865 36866 36867 21649 21650 21651 21656 21657 21659
 21665 21672 21673 21681 21682 21683 21684 21685 21686 21687 21688 21691
 21692 21693 21694 21695 21696 21697 21700 21701 21702 21703 21704 21705
 21710 21711 21712 21716 21717 21718 21719 21720 21721 21722 21723 21724
 21725 21726 21728 21729 21731 21732 21733 21734 21735 21736 21743 21757
 21761 21763 21769 21774 21775 21777 21780 21781 21785 21786 21791 21792
 21798 21804 21821 21822 21833 21834 36904 21839 21844 36906 36907 36909
 21861 21863 21870 21872 21876 21877 21879 21884 36916 36918 36919 21914
 36920 36921 36922 21927 36923 21931 21938 21940 21941 21942 21947 36927
 21952 21982 21995 21996 21997 22004 22005 22014 22015 22016 22017 22027
 22028 22029 22030 22034 36944 22040 22041 22045 22046 22057 22058 22059
 22082 22083 22086 22093 22100 22108 22127 22128 22129 22135 22136 22137
 22149 22150 22157 22158 22162 22163 22170 22175 22176 22177 22183 22187
 22197 22198 22209 22210 22217 22226 22230 22240 22245 22257 22264 22309
 22336 22337 22339 22344 22345 22347 22350 22351 22352 22357 22376 22381
 22383 22385 22394 22397 22402 22406 22420 37031 37032 37034 22586 22587
 22592 22593 22594 22598 22601 22626 22633 22634 22650 22653 22658 22664
 22665 43583 22671 43584 22676 22682 22687 22688 22691 22692 37076 22704
 22708 37079 22715 22743 37085 37086 37087 22757 22758 37088 22766 22767
 22771 22772 22778 22779 22801 22802 22805 22813 22815 22816 22817 22845
 22886 22913 22914 22922 22924 22963 22985 23004 23005 23006 23007 23019
 23020 23021 23028 23045 23054 23059 23060 23070 23071 23074 23075 23082
 23083 37152 23085 23089 23091 23092 23117 23123 23180 23189 23199 23200
 23208 23209 23212 23213 23221 23222 23224 23227 23232 23238 37184 37186
 37188 37190 23281 37193 23322 23340 23357 23392 23402 23403 23404 23407
 23445 23446 23450 23451 23452 23453 23454 23455 23459 23460 23461 23464
 23469 23487 23493 23512 23513 23527 23528 23596 23598 23606 23607 23619
 23684 23711 23716 23717 23721 23722 23726 23727 23728 23732 23736 23737
 23742 23755 23756 23760 23767 23768 23774 23778 23779 23781 23782 23785
 23786 23788 23789 23790 23794 23795 23796 23797 23801 23802 23803 23804
 23806 23807 23813 23814 23815 11246 23817 23818 23820 23821 23822 23823
 23825 23826 23827 23828 23829 23831 23832 23833 23834 23836 23837 23838
 23839 23842 23843 23850 23851 23854 23855 23856 23858 23859 23860 23862
 23863 23865 23866 23868 23869 23871 23872 23873 23874 23875 23876 23877
 23878 23893 23900 23901 23902 23903 23908 23911 23912 23913 23914 23917
 23918 23919 23928 23929 23930 23937 23942 23947 23948 23952 23953 23954
 23958 23962 23977 23987 23988 23998 24005 24014 24028 24039 24048 24049
 24050 24056 24057 24066 24067 24080 24081 24082 24090 24091 24092 24098
 24103 24108 24109 24110 24119 24120 24131 24142 24150 24151 24162 24172
 24173 24174 24184 24185 24193 24194 24195 24196 24206 24207 24208 24209
 24218 24219 24220 24228 24231 24234 24237 24238 24239 24242 24243 24253
 24254 24267 24268 24269 24270 24271 24274 24275 24276 24277 24278 24283
 24284 24285 24290 24291 24292 24297 24298 24299 24300 24305 24306 24312
 24313 24314 24315 24322 24329 24334 24335 24337 24338 24342 24343 24348
 24353 24358 24359 24360 24364 24365 24371 24373 24375 24376 24380 24381
 24382 24385 24395 24399 24400 24405 24406 24408 24411 24412 24414 24415
 24417 24418 24420 24421 24423 24424 24426 24427 24429 24430 24433 24441
 24447 24448 24459 24460 24465 24466 24469 24470 24475 24476 24480 24481
 24492 37434 24501 24502 37435 24512 24513 24522 24523 24533 24549 24551
 24555 24560 24574 24575 24576 24577 24578 24579 24585 24586 24587 24588
 24589 24590 24591 24596 24597 24607 24608 24609 24610 24611 24612 24613
 24614 24615 24618 24619 24620 24621 24622 24623 24624 24625 24626 24627
 24629 24630 24631 24632 24633 24637 24638 24642 24643 24644 24648 24657
 24658 24666 24667 24668 24673 24674 24675 24682 24683 24688 24689 24690
 24697 24699 24707 24713 24714 24731 24732 24733 24742 24752 24753 24754
 24757 24763 24771 24779 24788 24789 24790 24795 24796 24797 24798 24799
 24807 24824 24827 24828 24834 24920 24929 24941 24942 24950 24951 24960
 24961 24976 25011 25020 25026 25062 25072 25081 25128 25132 25152 25153
 25159 25160 25161 25162 25167 25168 25171 25172 25173 25174 25175 25177
 25179 25181 25182 25186 25188 25189 25190 25191 25192 25195 25197 25198
 25200 25202 25203 25244 25253 25262 25271 25358 25420 25429 25447 25456
 25464 25474 25552 25597 25598 25600 25606 25607 25659 25660 25668 25703
 25704 25714 25723 25724 37687 25830 25831 25847 25854 25855 25863 25874
 25896 25897 25903 25904 25912 25913 37719 25937 37720 25943 25944 25946
 25947 25948 25951 25952 25957 25960 25966 25993 26002 26012 26013 26014
 26021 26022 26023 26044 26053 26086 26094 26095 26097 26104 26130 26131
 26139 26140 26141 26142 26150 26151 26159 26162 26163 26170 26215 26224
 26232 26240 26241 26249 26269 26273 26278 26282 26300 26306 26307 26345
 26354 26431 26441 26551 26560 26561 26562 26586 26587 26595 26596 26602
 26606  5288 26608 26609 26611 26615 26618 26619 26620 26626 26627 26635
 26650 26654 26658 26664 26693 26694 26696 26697 26702 26703 26704 26721
 26738 26739 26740 26756 26766 26767 26777 26788 26789 26799 26800 26840
 26841 26845 26854 26867 26876 26882 26883 26891 26892 26903 26905 26912
 26913 26914  5354 26940 26941 26988 26989 26997 27025 27030 27031 27039
 27040 27047 27048 27056 27057 27080 27081 27099 27100 27216 27224 27225
 27238 27244  5415 27247  5420 27318 27327 27335 27343 27344 27351 27354
 27355 27363 27364 27366 27373 27380 27382 27389 27390 27393 27394 27402
 27403 27404 27418 27421 27426 27427 27428 27435 27436 27447 27450 27470
 27471 27472 27480 27481 27482 27488 27491 27492 27498 27501 27506 27508
 27510 27511 27512 27513 27516 27518 27519 27520 27521 27522 27528 27529
 27531 27532 27537 27538 27539 27540 27541 27542 27543 27562 27563 27564
 27565 27570 27571 27572 27573 27574 27575 27576 27578 27587 27595 27597
 27604 27606 27619 27623 27624 27625 27626 27669 27670 27678 27679 27720
 27721 27729 27730 27739 27744 27749 27757 27840 27851 27917 27918 27928
 27938 38120 27968 27969 38126 38128 38129 38133 28109 28135 28143 28144
 28148 28152 28155 28171 28177 28178 28179 28180 28186 28187 28188 28222
 28223 28231 28244 28250 28251 28253 38183 28272 28273 28277 28279 28280
 28281 28282 28294 28295 28316 28317 28321 28356 28357 28361 28362 28388
 28397 28433 28434 28452 28453 28471 28480 28490 28515 28525 28551 28557
 28560 28562 28566 28578 28579 28583 28584 28588 28591 28646 28650 28651
 28659 28660 28661 28662 28663 28665 28671 28672 28729 28730 28744 28745
 28774 28786 28795 28802 28811 28813 28865 28882 28891  5744 28911 28914
 28915 28919 28920 28923 28941 28942 28996 29004 29005 29083 29092  5783
 29099 29100 29106 29111 29112 29113 29146 29156  5798 29210 29211 29212
 29213 29219 29220 29265 29268 29270 29274 29275 29294 29295 29299 29303
 29304 29307 29308 29309 38390 29310 29311 29313 29314 29315 29317 29318
 29320 29321 29329 29330 29335 29336 29337 29340 29345 29356 29357 29370
 29371 38405 38407  5843  5844 38409 29407 29408 29409 29411 29414 29415
 29416 29417 38411 29419 29424 38413 29430 38414  5850 29439 29442 29445
 29446 29447 29448 29450 29451 29454 29459 29460 29498 29499 29506 29507
 29508 29509 29515 29518 29519 29522 29523  5868 29526 29527 29528 29529
 29531 29532 29534 29535 29537 29538 29539 29544 29546 29547 29565 29566
 29573 29574 29584 29585 29586 29595 29601 29602 29605 29610 29611 29625
 29626 29631 29640 29643 29652 29680 38464 29689 29692 29722 29731  5914
 29777 29778 29788 29789 29798 29799 29804 29805 29815 29816 29825 29826
 29855 29856 29863 38500 29868 29875 29877 29884 29886 29891 29892 29900
 29901 29909 29910 29918 29919 29928 29929 29931 29937 29938 29939 29969
 29973 29978 29979 30036 30045 30046 30054 30055 30080 30081 30089 30090
 30108 30113 30114 30115 30122 30123 30124 30130 30131 30132 30133 38554
 30139 30140 30141 30142 30145 30146 30151 30152 30153 30154 30159 30161
 30162 38563 38564 30227 30237 38575 30258 30259 30265 30266 30267 30268
 30269 30280 30283 30293 30301 30302 30311 30312 30380 30381 30441 30464
 30465 30470 30479 30490 30491 30493 30496 38629  6065 38630 38631 38632
 38633 38634 38636 30560 38640 30569 30590 30631 30697 30703 30712 30713
 38670 38671 38672 30741 38676 38677 30757 30758 38679 30801 30803 30808
 30809 30810 30811 30812 30813 30814 30816 30817 30818 30819 30820 30824
 30828 30839 30878 30879 30880 45216 30889 30891 45218 30897 30900 38713
 38717 38719 38720 38721 38722 31068 31133 31134 31143 31144 31153 31158
 38768 31243 31252 31283 31289 31290 31292 31331 31332 31340 31341 31376
 31419 31420 31476 31477 31486 31487 31539 31548 31549 31558 31559 31582
 31583 31592 31593 31634 31643 31742 31743 31809 31810 31817 31818 31819
 31820 31827 31828 31829 31837 31838 31861 31870 31915 31916 31925 31934
 31952 31961 32007 32008 32016 32017 32065 32066 32074 32075 32082 32083
 32084 32085 32091 32093 32131 32205 32206 32213 32216 32274 32276 32285
 32294 32301 32303 32348 32357 32367 32368 32383 32387 32397 32402 32406
 32436 32437 32445 32446 45539 32538 32539 32561 32568 32569 32603 32612
 32613 32641 32642 32651 39072 39073 39074 39075 39076 39077]
