[  262   263   264   266   267   268   382   398   399   404   405   650
   746   747   752   753   754   758   759   760   765   766   767   771
   772   773  1088  1089  1145  1146  1162  1163  1166  1167  1206  1258
  1282  1283  1480  1481  1482  1483  1484  1485  1486  1493  1494  1495
  1496  1497  1498  1499  1507  1508  1509  1510  1511  1524  1657  1658
  1881  1894  1895  1898  1899  2029  2030  2031  2032  2033  2034  2043
  2044  2047  2048  2054  2055  2073  2075  2139  2141  2142  2149  2151
  2152  2168  2170  2171  2173  2174  2178  2186  2187  2188  2189  2190
  2191  2574  2703  2704  2705  2706  2708  2710  2715  2716  2720  2721
  2722  2879  2880  2881  2882  2883  2884  2885  2899  2900  2901  2902
  2903  2904  2905  2906  2907  2908  2909  2910  2911  2912  2913  2914
  2915  2916  2917  2919  2920  2921  2922  2923  2924  2926  2927  2928
  2929  2930  2931  2932  2933  2934  2935  2936  2937  2938  2940  2941
  2942  2944  2945  2947  2948  2953  2954  2955  2956  2957  2958  2959
  2960  2961  2962  2964  2965  2966  2967  2968  2970  2971  2972  2973
  2974  2975  2976  2977  2978  2979  2980  2981  3008  3009  3010  3012
  3013  3014  3016  3017  3018  3019  3603  3604  3605  3606  3607  3608
  3609  3610  3611  3612  3613  3614  3615  3616  3617  3618  3619  3620
  3621  3622  3623  3624  3625  3626  3627  3628  3629  3630  3653  3654
  3655  3656  3657  3658  3659  3660  3662  3664  3665  3666  3673  3674
  3675  3676  3677  3678  3681  3683  3684  3685  3687  3688  3689  3690
  3692  3693  3694  3696  3697  3698  3699  3700  3701  3702  3703  3704
  3706  3707  3708  3709  3710  3711  3713  3715  3716  3717  3718  3719
  3768  3876  3877  3878  3879  3880  3881  3882  3883  3884  3885  3886
  3887  3888  3891  3899  3900  3901  3910  3911  3912  3915  3920  3921
  3923  3940  3941  3942  3943  3944  3945  3946  3948  3949  3950  3951
  3952  3953  3954  3955  3956  3957  3958  3959  3960  3961  3962  3963
  3964  3965  3966  3967  3968  3969  3994  3995  3996  3997  3998  3999
  4000  4001  4002  4004  4005  4006  4008  4009  4013  4014  4015  4016
  4017  4020  4021  4024  4025  4173  4174  4175  4176  4459  4463  4464
  4465  4466  4467  4468  4469  4470  4471  4472  4473  4474  4479  4480
  4481  4482  4483  4484  4486  4489  4490  4491  4492  4493  4494  4495
  4496  4497  4498  4500  4517  4518  4520  4521  4522  4524  4526  4527
  4528  4529  4530  4531  4532  4533  4534  4535  4536  4537  4538  4539
  4540  4541  4542  4603  4604  4620  4622  4624  4705  4706  4719  4720
  4816  4817  4818  4819  4821  4822  4823  4824  4825  4853  4856  4860
  4865  4866  4867  4868  4869  4870  4871  4872  4873  4874  4969  4970
  4981  4982  4984  4985  4987  4988  4998  5004  5005  5006  5007  5008
  5009  5011  5012  5014  5015  5016  5017  5018  5019  5020  5021  5022
  5023  5025  5026  5027  5031  5032  5034  5035  5036  5037  5038  5039
  5040  5041  5042  5043  5044  5045  5046  5047  5072  5073  5074  5075
  5076  5077  5102  5103  5105  5106  5109  5113  5114  5115  5116  5117
  5118  5172  5173  5174  5175  5176  5177  5178  5179  5180  5181  5187
  5188  5189  5190  5191  5192  5193  5194  5195  5196  5197  5202  5203
  5204  5205  5206  5207  5208  5209  5210  5211  5214  5215  5340  5377
  5378  5379  5380  5381  5382  5383  5384  5452  5453  5455  5456  5576
  5577  5578  5579  5580  5581  5583  5584  5585  5587  5588  5589  5590
  5591  5592  5593  6078  6079  6706  6934  6936  6937  6938  6939  6940
  6941  6942  6943  6944  6945  6946  6947  6949  6951  6952  6953  6954
  6955  7008  7009  7010  7011  7013  7014  7015  7016  7017  7569  7574
  7605  7606  7607  7608  7630  7631  7632  7633  7634  7635  7636  7637
  7667  7668  7669  7710  7711  7719  7720  7721  7723  7724  7725  7727
  7728  7729  7805  7806 10104 10105 10110 10111 11706 11715 12917 12926
 18753 18754 18755 18764 18765 18766 18799 18800 18991 18992 19007 19008
 19027 19028 19044 19045 19046 19047 19048 19105 19106 19137 19138 19147
 19148 19161 19167 21160 22152 22159 22160 22161 22165 22166 22173 22174
 22178 22179 22186 22261 22262 22266 22267 22281 22282 22604 22615 22616
 22617 22627 22628 22726 22727 22735 22736 22746 22747 22748 22756 22757
 22758 22760 22769 23117 23126 23137 23138 23139 23146 23147 23332 23333
 23347 23348 23408 23409 23423 23424 23462 23463 23472 23557 23558 23570
 23571 24536 24537 24538 24542 24543 24544 24569 24570 24571 24572 29334
 29344 34899 34900 34907 34908 34945 34952 34953 34960 35104 35105 35111
 35115 35116 35122 35287 35288 35294 35295 35296 35301 35302 35303 35309
 35310 35311 35317 35318 35461 35462 35463 35464 35465 35466 35467 35468
 35501 35502 35505 35506 35711 35715 35729 35730 35734 35764 35765 35770
 35771 35773 35774 35779 35780 36967 36968 36970 36971 36975 36976 36977
 36978 36994 36995 36996 36997 37000 37001 37002 37003 37004 37005 37006
 37013 37014 37015 37035 37036 37092 37094 37108 37109 37110 37197 37198
 37204 37316 37317 37318 37319 37328 37329 37332 37333 37590 37591 37592
 37593 37663 37919 37920 37921 37922 37923 37962 37964 37969 37970 37971
 37972 37989 37990 37991 37992 37993 37994 37995 37996 37998 37999 38023
 38024 38025 38026 38027 38028 38029 38032 38035 38036 38037 38038 38039
 38054 38055 38057 38058 38062 38063 38064 38065 38066 38073 38074 38078
 38079 38081 38082 38089 38090 38091 38092 38111 38141 38142 38149 38150
 38151 38152 38153 38154 38155 38156 38157 38172 38174 38203 38207 38209
 38211 38214 38334 38385 38386 38397 38398 38400 38401 38415 38416 38418
 38427 38598 38602 38681 38749 38750 38752 38753 38755 38756 38770 38874
 38875 38878 38879 38896 38919 39403 39404 39409 39410 39411 39464 39686
 39687 39725 39726 39731 39732 39873 39874 40053 40054 40066 40067 40070
 40071 40252 40255 40256 40620 40637 40638 40641 40642 41712 42467 42468
 42469 42471 42475 42479 42492 42493 42494 42495 42499 42500 42501 42511
 42513 42515 42516 42517 42518 42523 42525 42528 42530 42531 42534 42539
 42540 42543 42544 42545 42548 42549 42550 42553 42554 42555 42571 42575
 42578 42579 42582 42583 42591 42592 42593 42595 42596 42600 42606 42607
 42609 42610 42612 42613 42625 42626 42628 42629 43767 43768 43774 43775
 43781 43782 43790 43791 43803 43804 43807 43808 43832 43833 43837 43838
 43864 43865 43866 43912 43913 43914 43915 43918 43919 43922 43926 43935
 43936 43939 43940 43942 43943 43964 43965 43970 43971 44022 44026 44028
 44033 44040 44041 44042 44402 44403 45733 45964 45965 46403 46949 46955
 46960 46961 46966 46972 47198 47199 47201 47332 47333 47335 47336 47337
 47340 47341 47343 47344]
