[   15    16    23    24    25    32    33    35    41    42    44    51
    52    59    60    62    68    70    75    78    79    80    82    83
    84    87    90    92    93    96    97   102   118   119   122   125
   127   128   130   131   132   133   134   135   136   137   138   139
   140   141   142   144   145   147   148   149   150   151   153   154
   157   160   161   162   163   165   166   167   168   169   170   171
   172   173   174   175   176   192   193   195   200   209   211   227
   240   246   299   300   311   324   335   336   342   343   344   346
   348   352   353   357   358   360   363   369   370   371   377   378
   379   380   410   411   416   417   435   436   439   440   441   448
   449   450   459   468   494   517   535   536   552   555   563   580
   595   607   615   624   651   652   653   654   658   661   669   670
   691   696   697   702   703   707   717   737   744   750   756   775
   782   803   806   807   811   819   824   833   839   845   846   865
   898   900   913   914   919   921   926   927   929   932   933   936
   938   942   943   945   946   948   951   952   954   955   956   957
   958   960   982   997   998   999  1006  1007  1008  1036  1037  1038
  1039  1046  1049  1053  1054  1055  1056  1071  1074  1075  1076  1077
  1078  1079  1081  1082  1093  1101  1103  1104  1107  1118  1119  1120
  1124  1127  1132  1133  1141  1165  1169  1176  1177  1200  1303  1345
  1346  1347  1353  1354  1360  1361  1362  1363  1367  1368  1369  1370
  1374  1375  1376  1377  1380  1381  1382  1383  1384  1388  1389  1391
  1408  1409  1410  1515  1526  1527  1535  1536  1537  1549  1550  1565
  1696  1704  1707  1845  1847  1848  1851  1852  1859  1860  1861  1877
  1887  1888  1892  1909  1918  1920  1923  1924  1925  1926  1927  1928
  1929  1932  1933  1934  1935  1936  1937  1938  1939  1942  1943  1944
  1945  1947  1948  1950  1951  1952  1953  1954  1955  1957  1958  1959
  1960  1965  1966  1967  1969  1974  1975  1977  1978  1986  2018  2059
  2060  2063  2066  2069  2108  2196  2246  2247  2249  2271  2272  2273
  2284  2289  2311  2312  2321  2322  2323  2324  2325  2330  2331  2334
  2339  2340  2347  2348  2349  2356  2357  2358  2368  2369  2371  2377
  2384  2394  2395  2396  2401  2417  2418  2425  2426  2433  2434  2442
  2443  2448  2449  2464  2465  2466  2467  2468  2480  2483  2497  2518
  2520  2521  2534  2535  2540  2543  2550  2553  2558  2559  2560  2561
  2563  2573  2575  2576  2580  2581  2584  2585  2586  2590  2592  2593
  2594  2595  2596  2597  2598  2599  2600  2601  2602  2603  2605  2607
  2608  2615  2616  2621  2622  2623  2626  2638  2656  2663  2682  2697
  2698  2717  2718  2723  2724  2730  2731  2732  2737  2739  2740  2741
  2745  2746  2747  2748  2752  2755  2756  2765  2766  2773  2774  2775
  2780  2781  2782  2783  2784  2791  2792  2795  2798  2799  2801  2802
  2808  2809  2810  2818  2823  2826  2834  2841  2843  2846  2847  2848
  2849  2850  2851  2852  2853  2855  2856  2857  2861  2867  2870  2886
  2890  2894  2895  2987  2988  2989  2990  2991  2992  2993  2994  2996
  2997  2998  2999  3000  3001  3022  3031  3053  3067  3068  3074  3076
  3079  3082  3093  3094  3095  3097  3103  3106  3108  3118  3128  3129
  3133  3138  3140  3141  3143  3144  3145  3146  3148  3150  3152  3154
  3156  3162  3163  3164  3165  3166  3167  3168  3169  3172  3178  3179
  3180  3181  3182  3187  3188  3189  3190  3191  3198  3199  3202  3203
  3206  3208  3210  3212  3213  3214  3215  3217  3228  3230  3231  3232
  3233  3234  3235  3236  3237  3238  3239  3242  3244  3245  3249  3250
  3256  3257  3258  3259  3262  3263  3264  3265  3266  3267  3271  3272
  3273  3277  3280  3281  3285  3287  3294  3295  3296  3297  3301  3302
  3307  3313  3314  3315  3316  3317  3318  3323  3324  3325  3331  3332
  3342  3343  3344  3347  3348  3349  3352  3353  3360  3363  3364  3365
  3366  3369  3375  3376  3377  3378  3379  3382  3384  3385  3386  3393
  3394  3395  3400  3402  3403  3404  3405  3406  3426  3427  3428  3429
  3430  3431  3432  3433  3434  3436  3437  3438  3439  3440  3441  3442
  3443  3444  3454  3455  3456  3459  3460  3471  3473  3474  3476  3477
  3479  3482  3484  3485  3495  3496  3501  3502  3503  3504  3505  3506
  3510  3513  3514  3519  3520  3521  3522  3528  3529  3530  3538  3539
  3547  3548  3549  3555  3556  3561  3562  3563  3565  3566  3568  3569
  3572  3573  3574  3579  3580  3581  3584  3585  3586  3588  3593  3595
  3600  3602  3637  3639  3640  3642  3643  3644  3645  3646  3647  3648
  3649  3650  3651  3652  3686  3691  3695  3712  3714  3722  3724  3725
  3730  3736  3737  3738  3739  3740  3741  3742  3743  3746  3747  3748
  3754  3755  3756  3757  3760  3762  3763  3764  3765  3766  3770  3771
  3772  3773  3776  3777  3782  3784  3786  3788  3796  3797  3799  3801
  3808  3809  3810  3811  3816  3818  3819  3824  3825  3827  3828  3830
  3833  3836  3837  3838  3841  3842  3843  3845  3846  3848  3855  3856
  3861  3890  3892  3894  3902  3903  3926  3932  3938  3939  3947  4003
  4007  4038  4040  4042  4043  4044  4045  4047  4048  4050  4051  4053
  4054  4055  4056  4057  4058  4059  4060  4061  4062  4063  4064  4065
  4068  4069  4070  4071  4072  4074  4078  4080  4081  4083  4084  4085
  4089  4091  4092  4097  4098  4100  4101  4102  4103  4104  4105  4106
  4107  4108  4110  4111  4112  4113  4114  4115  4116  4117  4118  4119
  4121  4123  4125  4127  4128  4129  4134  4135  4136  4137  4138  4139
  4140  4141  4142  4143  4144  4145  4147  4148  4150  4151  4153  4155
  4156  4157  4158  4159  4160  4161  4162  4163  4164  4165  4166  4171
  4172  4177  4178  4179  4180  4181  4182  4183  4184  4185  4191  4192
  4194  4196  4198  4200  4201  4202  4206  4207  4208  4209  4210  4211
  4212  4213  4214  4215  4216  4217  4220  4221  4222  4223  4224  4230
  4231  4233  4234  4235  4236  4237  4238  4239  4240  4241  4242  4243
  4244  4245  4248  4252  4253  4254  4255  4256  4259  4263  4264  4266
  4268  4269  4270  4271  4272  4273  4275  4276  4277  4278  4279  4281
  4282  4285  4288  4289  4290  4291  4292  4293  4294  4295  4296  4297
  4298  4303  4305  4308  4309  4310  4311  4313  4315  4316  4317  4318
  4319  4323  4324  4326  4327  4328  4329  4330  4331  4333  4334  4340
  4345  4347  4348  4349  4350  4351  4354  4355  4358  4359  4362  4363
  4365  4368  4369  4371  4372  4373  4374  4375  4376  4377  4378  4379
  4381  4382  4383  4384  4385  4387  4388  4389  4390  4391  4392  4393
  4395  4399  4404  4405  4406  4409  4412  4413  4414  4419  4420  4421
  4422  4423  4424  4425  4426  4427  4428  4429  4430  4432  4433  4435
  4436  4437  4438  4441  4442  4447  4448  4449  4450  4451  4452  4453
  4454  4456  4458  4460  4499  4501  4503  4504  4506  4507  4509  4547
  4548  4556  4557  4560  4562  4564  4570  4571  4572  4573  4574  4575
  4576  4579  4580  4581  4582  4583  4584  4589  4592  4595  4596  4611
  4612  4623  4625  4626  4627  4631  4632  4633  4634  4638  4639  4640
  4641  4642  4643  4644  4645  4648  4649  4655  4656  4657  4662  4663
  4664  4672  4673  4679  4680  4686  4687  4688  4689  4693  4696  4698
  4723  4724  4725  4730  4731  4733  4738  4739  4740  4745  4746  4748
  4749  4750  4751  4753  4754  4755  4765  4766  4768  4769  4772  4773
  4779  4783  4784  4796  4797  4803  4810  4811  4812  4832  4834  4838
  4851  4852  4855  4858  4864  4876  4877  4880  4881  4882  4883  4901
  4911  4915  4916  4921  4930  4935  4936  4937  4967  4972  4973  4993
  4996  5003  5010  5013  5024  5054  5058  5108  5111  5123  5124  5125
  5130  5160  5182  5183  5184  5185  5198  5201  5213  5217  5220  5221
  5222  5225  5228  5229  5230  5232  5233  5234  5235  5236  5237  5238
  5239  5240  5244  5245  5246  5247  5249  5250  5251  5255  5256  5257
  5258  5259  5260  5264  5265  5266  5267  5268  5273  5274  5277  5278
  5288  5289  5290  5291  5294  5295  5296  5299  5300  5304  5305  5306
  5307  5310  5311  5312  5335  5345  5350  5351  5352  5353  5356  5357
  5358  5359  5360  5361  5363  5364  5365  5366  5367  5368  5369  5370
  5371  5385  5390  5391  5395  5396  5397  5401  5402  5403  5407  5408
  5410  5412  5413  5415  5418  5424  5425  5426  5427  5428  5429  5457
  5458  5460  5461  5462  5463  5490  5491  5501  5502  5503  5504  5513
  5514  5515  5516  5521  5528  5529  5530  5531  5532  5533  5535  5544
  5554  5595  5597  5599  5601  5605  5606  5607  5612  5616  5617  5618
  5620  5621  5622  5623  5624  5625  5626  5627  5628  5629  5630  5631
  5632  5633  5635  5636  5637  5638  5639  5640  5641  5642  5643  5644
  5645  5646  5647  5648  5695  5696  5698  5699  5700  5702  5703  5704
  5707  5708  5712  5716  5717  5720  5721  5725  5726  5729  5730  5733
  5734  5737  5738  5741  5742  5745  5746  5749  5750  5754  5755  5763
  5764  5771  5772  5773  5774  5775  5776  5781  5782  5783  5784  5785
  5786  5787  5790  5791  5794  5795  5796  5798  5806  5809  5810  5816
  5822  5823  5824  5827  5828  5830  5836  5852  5853  5854  5855  5856
  5858  5859  5860  5861  5862  5864  5865  5866  5867  5868  5869  5871
  5872  5874  5876  5877  5879  5896  5897  5898  5899  5901  5902  5903
  5904  5906  5907  5908  5909  5911  5912  5913  5914  5916  5917  5928
  5930  5936  5938  5939  5940  5944  5950  5952  5953  5954  5955  5957
  5958  5962  5963  5964  5966  5967  5968  5969  5970  5973  5975  5976
  5977  5981  5982  5986  5987  5988  5989  5990  5996  5997  5998  6001
  6003  6004  6006  6007  6008  6009  6011  6012  6013  6014  6015  6016
  6017  6018  6019  6020  6022  6028  6029  6045  6046  6053  6058  6059
  6061  6062  6063  6064  6065  6066  6067  6069  6070  6071  6073  6074
  6077  6082  6083  6084  6085  6086  6087  6088  6089  6108  6109  6117
  6122  6123  6125  6126  6130  6131  6132  6133  6138  6153  6154  6155
  6156  6158  6159  6161  6162  6163  6164  6165  6166  6172  6173  6176
  6179  6186  6187  6193  6194  6195  6199  6200  6201  6207  6209  6210
  6211  6213  6220  6224  6225  6226  6235  6238  6243  6246  6254  6257
  6258  6259  6260  6272  6273  6274  6275  6276  6281  6282  6283  6284
  6285  6286  6287  6291  6294  6295  6296  6298  6304  6307  6308  6311
  6312  6313  6314  6315  6316  6317  6318  6319  6320  6321  6323  6324
  6325  6326  6327  6328  6329  6331  6332  6333  6334  6335  6336  6337
  6338  6339  6344  6345  6346  6347  6348  6349  6350  6355  6357  6359
  6360  6361  6362  6363  6364  6368  6369  6370  6371  6372  6373  6378
  6379  6380  6381  6383  6384  6385  6386  6387  6393  6400  6401  6402
  6403  6404  6405  6406  6407  6408  6410  6411  6413  6414  6415  6416
  6417  6418  6419  6420  6434  6435  6436  6437  6438  6439  6440  6441
  6443  6444  6446  6450  6451  6452  6453  6454  6455  6456  6457  6458
  6459  6460  6466  6467  6468  6470  6471  6473  6474  6480  6481  6482
  6483  6484  6485  6487  6488  6491  6492  6493  6494  6495  6497  6500
  6502  6503  6504  6505  6506  6507  6508  6510  6511  6512  6513  6519
  6520  6521  6522  6523  6524  6525  6526  6527  6528  6529  6530  6539
  6540  6541  6542  6543  6544  6545  6546  6547  6563  6564  6565  6566
  6567  6568  6569  6570  6571  6574  6579  6580  6581  6582  6583  6584
  6585  6586  6587  6588  6589  6590  6591  6596  6602  6606  6607  6608
  6610  6611  6613  6614  6615  6628  6629  6631  6632  6637  6638  6639
  6640  6645  6649  6650  6651  6652  6654  6655  6658  6659  6665  6668
  6669  6670  6671  6672  6673  6674  6675  6676  6686  6690  6691  6692
  6693  6700  6701  6702  6703  6711  6712  6716  6717  6718  6719  6733
  6737  6738  6741  6742  6746  6747  6749  6756  6762  6763  6764  6765
  6766  6767  6768  6769  6776  6778  6779  6780  6781  6788  6800  6877
  6880  6887  6892  6903  6904  6909  6911  6913  6916  6919  6926  6958
  6960  6963  6990  6991  7026  7027  7036  7037  7038  7047  7050  7056
  7057  7058  7067  7068  7069  7070  7077  7078  7079  7080  7081  7082
  7088  7089  7092  7098  7099  7108  7109  7119  7135  7136  7144  7145
  7153  7154  7155  7156  7162  7163  7164  7166  7172  7177  7181  7184
  7185  7186  7190  7195  7206  7207  7208  7209  7219  7220  7221  7222
  7223  7226  7227  7229  7235  7240  7246  7253  7262  7270  7274  7275
  7278  7279  7280  7281  7282  7289  7292  7293  7294  7295  7296  7308
  7311  7315  7316  7320  7321  7330  7335  7337  7338  7339  7340  7341
  7342  7343  7344  7355  7359  7360  7364  7368  7372  7373  7376  7377
  7379  7388  7389  7397  7398  7405  7414  7415  7422  7423  7426  7431
  7434  7435  7441  7442  7443  7451  7452  7453  7454  7464  7465  7466
  7467  7469  7473  7474  7475  7476  7477  7479  7480  7482  7483  7484
  7485  7488  7489  7490  7491  7492  7493  7494  7495  7496  7497  7498
  7499  7501  7506  7507  7511  7517  7521  7522  7524  7525  7526  7532
  7533  7534  7535  7536  7543  7545  7550  7553  7559  7561  7564  7571
  7576  7594  7609  7611  7612  7613  7614  7615  7617  7618  7619  7622
  7623  7626  7627  7641  7648  7651  7658  7676  7681  7682  7687  7691
  7700  7705  7706  7707  7708  7709  7730  7731  7735  7737  7739  7741
  7743  7745  7747  7748  7750  7751  7752  7760  7761  7762  7773  7779
  7783  7788  7789  7790  7791  7792  7793  7795  7796  7797  7798  7800
  7801  7802  7809  7812  7817  7819  7820  7827  7838  7849  7856  7859
  7862  7863  7864  7867  7868  7869  7871  7872  7876  7877  7881  7882
  7888  7889  7896  7898  7909  7910  7911  7922  7928  7929  7930  7931
  7933  7943  7958  7959  7969  7970  7971  7972  7975  7977  7978  7979
  7980  7985  7986  7987  7991  7998  7999  8010  8011  8014  8015  8023
  8029  8030  8034  8035  8036  8037  8040  8042  8043  8044  8045  8049
  8050  8055  8056  8057  8058  8059  8060  8061  8062  8063  8064  8067
  8068  8072  8073  8077  8078  8088  8089  8097  8098  8099  8107  8108
  8109  8114  8115  8118  8119  8120  8124  8125  8126  8129  8130  8131
  8140  8141  8144  8145  8152  8153  8154  8155  8162  8163  8172  8173
  8174  8175  8183  8184  8185  8186  8194  8195  8196  8204  8205  8214
  8215  8227  8228  8239  8240  8241  8252  8253  8254  8255  8266  8267
  8268  8279  8280  8281  8292  8293  8319  8320  8321  8331  8332  8333
  8334  8344  8345  8346  8358  8434  8435  8456  8457  8463  8464  8475
  8480  8481  8485  8486  8500  8502  8503  8520  8521  8522  8530  8535
  8536  8540  8541  8542  8543  8551  8552  8553  8557  8558  8560  8561
  8562  8563  8564  8570  8571  8572  8573  8574  8575  8576  8582  8583
  8584  8585  8591  8592  8593  8594  8610  8611  8612  8615  8616  8631
  8632  8633  8634  8635  8636  8637  8653  8654  8690  8691  8694  8695
  8703  8704  8705  8706  8707  8708  8709  8710  8716  8717  8718  8719
  8720  8721  8722  8724  8725  8726  8734  8737  8738  8739  8740  8741
  8742  8743  8746  8747  8751  8752  8753  8754  8755  8756  8759  8760
  8761  8762  8763  8764  8765  8766  8771  8772  8773  8774  8775  8776
  8777  8778  8788  8789  8790  8791  8801  8802  8803  8809  8813  8817
  8822  8826  8830  8843  8853  8854  8856  8857  8859  8860  8861  8866
  8867  8869  8870  8871  8872  8873  8874  8879  8881  8883  8884  8885
  8893  8894  8896  8900  8913  8914  8915  8957  8958  8964  8965  8971
  8972  8973  8974  8980  8990  8991  9010  9011  9013  9019  9020  9022
  9023  9028  9029  9031  9032  9033  9041  9042  9050  9051  9059  9061
  9065  9090  9092  9101  9102  9103  9104  9112  9113  9114  9115  9124
  9125  9131  9132  9135  9136  9137  9143  9144  9145  9146  9147  9150
  9151  9153  9154  9155  9156  9157  9158  9160  9161  9162  9164  9165
  9166  9167  9170  9171  9172  9180  9181  9182  9183  9191  9192  9193
  9202  9203  9204  9213  9219  9220  9242  9246  9247  9248  9251  9252
  9253  9256  9257  9265  9269  9270  9272  9273  9274  9275  9277  9278
  9279  9281  9282  9283  9286  9287  9292  9293  9297  9298  9299  9302
  9303  9312  9318  9319  9323  9324  9325  9326  9329  9330  9331  9336
  9337  9341  9342  9351  9360  9375  9376  9380  9387  9388  9389  9390
  9391  9397  9398  9400  9401  9402  9403  9404  9405  9406  9407  9412
  9413  9414  9415  9418  9419  9420  9421  9422  9427  9428  9429  9433
  9434  9436  9437  9438  9439  9440  9442  9443  9444  9445  9446  9453
  9454  9455  9456  9457  9458  9459  9460  9461  9472  9474  9475  9477
  9493  9494  9503  9508  9509  9518  9530  9531  9532  9537  9538  9540
  9547  9550  9552  9553  9554  9560  9561  9562  9564  9566  9567  9569
  9571  9572  9573  9574  9575  9577  9578  9579  9580  9581  9583  9584
  9585  9586  9587  9589  9590  9591  9592  9595  9596  9597  9598  9600
  9603  9604  9605  9606  9628  9643  9673  9674  9675  9676  9677  9687
  9688  9689  9691  9702  9703  9706  9715  9716  9730  9731  9733  9734
  9741  9745  9746  9748  9755  9768  9769  9770  9773  9774  9777  9783
  9784  9789  9791  9804  9805  9807  9819  9820  9849  9850  9851  9852
  9853  9857  9859  9860  9864  9865  9867  9868  9871  9872  9874  9875
  9877  9878  9879  9880  9881  9882  9884  9885  9886  9887  9888  9892
  9893  9894  9895  9899  9900  9901  9902  9904  9905  9909  9923  9928
  9929  9930  9934  9935  9936  9937  9938  9942  9944  9945  9948  9949
  9951  9955  9956  9957  9960  9961  9962  9963  9964  9967  9968  9969
  9970  9971  9975  9976  9977  9982  9983 10014 10033 10054 10097 10121
 10140 10173 10209 10216 10266 10267 10275 10276 10277 10285 10286 10287
 10294 10310 10311 10357 10358 10367 10368 10371 10377 10378 10381 10463
 10491 10502 10503 10517 10521 10532 10546 10547 10548 10555 10561 10563
 10574 10579 10591 10605 10606 10637 10638 10645 10646 10647 10648 10649
 10653 10656 10667 10673 10674 10675 10680 10681 10682 10683 10688 10689
 10690 10691 10692 10700 10706 10708 10710 10713 10725 10739 10741 10742
 10752 10753 10755 10756 10770 10784 10785 10789 10790 10798 10799 10800
 10801 10803 10804 10812 10813 10814 10815 10816 10819 10829 10830 10843
 10844 10859 10860 10871 10872 10874 10887 10888 10889 10935 10942 10943
 10948 10949 10950 10951 10955 10956 10957 10958 10961 10965 10969 11037
 11075 11116 11136 11148 11161 11162 11166 11167 11175 11176 11199 11204
 11209 11213 11214 11217 11223 11224 11244 11245 11246 11254 11255 11263
 11264 11273 11300 11319 11320 11321 11322 11327 11378 11381 11443 11445
 11446 11447 11454 11455 11456 11457 11462 11465 11466 11470 11471 11477
 11478 11479 11486 11487 11488 11527 11529 11530 11535 11538 11539 11540
 11545 11552 11557 11558 11560 11561 11564 11577 11586 11587 11595 11596
 11653 11679 11680 11688 11743 11752 11909 11910 11932 12027 12098 12110
 12164 12167 12168 12172 12173 12174 12175 12176 12181 12183 12192 12195
 12201 12202 12204 12211 12226 12227 12229 12231 12233 12241 12243 12245
 12246 12251 12252 12256 12257 12260 12269 12270 12271 12272 12273 12278
 12282 12286 12287 12291 12297 12299 12300 12306 12307 12308 12309 12318
 12319 12325 12326 12330 12331 12337 12338 12347 12351 12360 12361 12365
 12374 12376 12377 12383 12385 12403 12405 12417 12418 12419 12426 12427
 12433 12434 12437 12441 12442 12443 12446 12447 12450 12451 12455 12456
 12457 12463 12494 12498 12503 12512 12523 12527 12528 12532 12536 12537
 12541 12542 12546 12547 12558 12560 12561 12573 12596 12605 12606 12609
 12610 12619 12620 12624 12628 12629 12636 12637 12641 12648 12670 12672
 12679 12680 12687 12688 12689 12690 12699 12700 12716 12717 12725 12726
 12732 12733 12741 12742 12743 12744 12745 12746 12750 12751 12752 12753
 12754 12755 12761 12762 12763 12764 12767 12770 12771 12772 12773 12774
 12775 12776 12777 12779 12780 12781 12782 12784 12785 12793 12794 12802
 12803 12827 12830 12836 12839 12850 12855 12859 12861 12862 12864 12865
 12866 12874 12875 12881 12890 12891 12892 12893 12910 12919 12951 12952
 12955 12956 12961 12965 12966 12967 12982 12983 12990 12991 13048 13049
 13056 13057 13058 13060 13064 13065 13066 13067 13073 13074 13075 13082
 13083 13086 13096 13097 13101 13102 13104 13105 13106 13115 13124 13134
 13135 13137 13138 13139 13140 13146 13150 13151 13152 13153 13155 13164
 13165 13166 13167 13168 13169 13170 13171 13177 13178 13179 13180 13181
 13188 13189 13190 13191 13192 13200 13201 13204 13206 13207 13215 13216
 13217 13218 13219 13228 13229 13230 13242 13246 13249 13251 13260 13269
 13270 13277 13278 13279 13280 13287 13288 13289 13295 13296 13297 13298
 13305 13306 13320 13323 13335 13342 13343 13344 13350 13351 13352 13359
 13360 13361 13377 13397 13399 13400 13402 13404 13405 13406 13408 13413
 13416 13424 13425 13432 13433 13436 13437 13444 13445 13450 13451 13456
 13462 13463 13488 13492 13497 13498 13502 13503 13505 13507 13515 13524
 13531 13536 13538 13540 13542 13544 13545 13547 13562 13565 13571 13584
 13588 13589 13592 13596 13598 13601 13605 13610 13611 13623 13631 13632
 13640 13651 13659 13660 13662 13663 13665 13666 13667 13668 13677 13678
 13679 13686 13770 13778 13781 13788 13789 13790 13795 13799 13804 13807
 13813 13814 13815 13816 13817 13823 13824 13825 13826 13834 13835 13840
 13845 13850 13851 13860 13870 13871 13872 13896 13897 13909 13930 13934
 13942 13946 13947 13952 13968 13969 13980 14006 14015 14020 14021 14024
 14025 14026 14027 14028 14029 14030 14031 14032 14033 14034 14035 14036
 14037 14038 14039 14040 14041 14042 14072 14073 14081 14082 14162 14190
 14191 14200 14201 14204 14274 14286 14287 14288 14289 14290 14296 14297
 14300 14305 14306 14307 14308 14309 14315 14316 14317 14321 14322 14323
 14324 14325 14330 14331 14332 14333 14334 14338 14339 14340 14341 14342
 14343 14346 14347 14355 14356 14410 14411 14412 14416 14422 14428 14436
 14458 14468 14469 14475 14484 14493 14500 14506 14507 14508 14509 14516
 14518 14522 14523 14556 14646 14647 14655 14699 14710 14748 14749 14760
 14761 14799 14807 14808 14861 14870 14877 14878 14886 14887 14917 14918
 14973 14974 14975 14979 14984 14988 14989 14997 14998 15007 15012 15016
 15025 15026 15034 15035 15042 15043 15053 15054 15065 15067 15068 15069
 15079 15080 15081 15087 15088 15096 15099 15100 15101 15108 15109 15117
 15118 15119 15120 15132 15144 15145 15146 15157 15159 15161 15164 15165
 15166 15168 15170 15171 15172 15173 15174 15178 15180 15184 15185 15186
 15187 15190 15193 15198 15216 15218 15224 15225 15227 15228 15230 15236
 15237 15239 15240 15246 15247 15250 15259 15260 15270 15272 15273 15277
 15281 15294 15297 15303 15305 15306 15314 15323 15339 15348 15354 15358
 15359 15364 15368 15369 15374 15377 15380 15383 15392 15395 15397 15398
 15402 15406 15407 15411 15419 15429 15430 15434 15437 15441 15443 15445
 15446 15448 15449 15450 15451 15453 15454 15455 15456 15457 15460 15461
 15464 15465 15466 15467 15468 15469 15476 15478 15481 15485 15486 15490
 15501 15502 15503 15506 15507 15515 15516 15518 15519 15520 15522 15524
 15528 15529 15535 15536 15545 15552 15562 15563 15571 15578 15579 15580
 15584 15593 15594 15595 15610 15611 15615 15617 15623 15632 15638 15640
 15641 15643 15649 15650 15652 15658 15659 15665 15669 15670 15671 15672
 15673 15674 15676 15678 15679 15680 15683 15687 15688 15691 15699 15708
 15709 15710 15713 15718 15719 15721 15723 15724 15726 15727 15730 15734
 15743 15745 15747 15750 15751 15753 15760 15762 15763 15764 15771 15772
 15773 15775 15781 15783 15784 15786 15789 15794 15795 15798 15801 15803
 15807 15810 15811 15812 15815 15818 15821 15824 15830 15833 15841 15860
 15864 15865 15866 15868 15875 15876 15885 15888 15890 15891 15892 15895
 15896 15897 15901 15904 15905 15906 15909 15910 15912 15914 15915 15916
 15918 15921 15924 15925 15932 15936 15937 15939 15943 15946 15948 15949
 15951 15954 15958 15962 15963 15964 15965 15967 15970 15973 15974 15982
 15985 15986 15990 15991 15995 15996 15997 16001 16002 16004 16007 16008
 16010 16016 16021 16023 16025 16031 16032 16033 16034 16035 16036 16044
 16046 16047 16048 16050 16052 16053 16056 16057 16059 16062 16064 16073
 16074 16075 16076 16078 16082 16085 16091 16092 16093 16098 16099 16107
 16109 16112 16118 16119 16121 16123 16124 16125 16126 16127 16128 16130
 16131 16132 16134 16137 16138 16140 16149 16155 16156 16169 16170 16174
 16178 16179 16183 16187 16188 16194 16195 16203 16205 16208 16215 16216
 16218 16221 16222 16224 16230 16231 16233 16234 16240 16241 16244 16246
 16247 16248 16249 16253 16254 16256 16257 16258 16260 16263 16265 16268
 16272 16275 16279 16281 16282 16284 16287 16288 16290 16291 16294 16295
 16297 16302 16309 16314 16318 16319 16323 16325 16327 16328 16332 16334
 16335 16336 16337 16338 16341 16345 16346 16347 16350 16354 16355 16356
 16358 16359 16363 16364 16366 16367 16370 16376 16377 16378 16379 16380
 16381 16385 16386 16397 16406 16409 16416 16418 16420 16421 16426 16427
 16428 16430 16432 16433 16435 16436 16438 16439 16440 16441 16445 16446
 16447 16453 16455 16456 16458 16467 16468 16470 16476 16477 16480 16482
 16483 16488 16497 16501 16505 16506 16507 16508 16509 16515 16516 16517
 16528 16529 16530 16538 16539 16540 16541 16542 16550 16551 16554 16555
 16556 16557 16563 16573 16574 16575 16576 16578 16579 16580 16586 16587
 16588 16590 16591 16594 16595 16598 16602 16604 16605 16606 16610 16611
 16612 16613 16614 16623 16624 16625 16627 16630 16633 16634 16637 16641
 16643 16645 16646 16648 16649 16650 16652 16658 16659 16660 16661 16662
 16663 16664 16666 16667 16669 16671 16677 16678 16680 16681 16682 16683
 16684 16686 16687 16688 16689 16692 16693 16694 16696 16698 16699 16701
 16702 16703 16705 16706 16708 16710 16711 16713 16717 16718 16719 16722
 16723 16733 16743 16751 16753 16757 16758 16759 16760 16762 16767 16768
 16769 16770 16771 16774 16775 16776 16777 16780 16781 16782 16783 16784
 16785 16786 16787 16789 16790 16791 16792 16793 16796 16798 16799 16805
 16806 16810 16811 16814 16815 16818 16821 16822 16826 16827 16830 16831
 16837 16838 16839 16840 16845 16846 16847 16848 16849 16852 16853 16854
 16855 16864 16865 16867 16868 16873 16874 16876 16877 16884 16885 16887
 16888 16889 16890 16891 16892 16893 16894 16897 16898 16899 16900 16901
 16902 16905 16906 16907 16911 16912 16915 16917 16918 16921 16922 16927
 16928 16932 16935 16936 16937 16938 16939 16940 16945 16950 16951 16952
 16953 16954 16957 16959 16961 16962 16963 16964 16968 16969 16970 16971
 16975 16980 16982 16984 16988 16989 16990 16992 16993 16994 16995 16996
 17002 17004 17005 17007 17009 17011 17012 17013 17014 17016 17017 17018
 17025 17027 17029 17030 17031 17034 17035 17036 17039 17041 17043 17044
 17050 17051 17054 17057 17058 17059 17060 17061 17062 17063 17066 17067
 17068 17072 17073 17075 17078 17079 17082 17084 17085 17086 17087 17091
 17092 17093 17094 17095 17096 17097 17098 17100 17102 17103 17104 17107
 17108 17111 17112 17116 17117 17121 17129 17130 17135 17137 17138 17140
 17141 17144 17145 17146 17149 17150 17151 17152 17154 17157 17158 17159
 17162 17163 17164 17165 17167 17168 17169 17170 17171 17173 17174 17175
 17176 17177 17178 17180 17181 17182 17183 17184 17185 17186 17187 17188
 17189 17191 17193 17194 17197 17198 17199 17200 17201 17202 17203 17204
 17205 17209 17210 17211 17212 17213 17214 17215 17216 17219 17220 17221
 17222 17223 17225 17226 17228 17229 17231 17232 17233 17235 17236 17240
 17241 17243 17244 17245 17247 17248 17252 17253 17254 17255 17256 17262
 17263 17265 17266 17268 17269 17270 17271 17272 17273 17274 17276 17277
 17278 17280 17281 17287 17288 17290 17291 17292 17294 17295 17296 17297
 17299 17306 17307 17311 17312 17313 17315 17316 17318 17320 17324 17325
 17327 17328 17329 17330 17331 17332 17333 17334 17335 17336 17337 17338
 17339 17340 17341 17342 17343 17344 17346 17347 17348 17349 17350 17351
 17353 17356 17357 17361 17362 17363 17365 17366 17371 17375 17377 17378
 17379 17381 17383 17384 17385 17386 17389 17390 17392 17394 17395 17397
 17398 17399 17403 17406 17410 17412 17415 17416 17418 17419 17424 17425
 17426 17427 17428 17431 17433 17434 17435 17436 17437 17440 17441 17442
 17443 17444 17445 17448 17450 17451 17453 17454 17456 17460 17467 17468
 17469 17470 17471 17474 17475 17476 17479 17480 17481 17488 17489 17490
 17491 17492 17495 17496 17497 17499 17500 17502 17503 17504 17505 17506
 17507 17508 17509 17511 17512 17513 17514 17515 17516 17519 17520 17525
 17527 17528 17529 17530 17534 17535 17536 17538 17539 17540 17541 17543
 17544 17545 17546 17547 17548 17549 17550 17551 17552 17553 17554 17555
 17556 17557 17558 17559 17560 17561 17562 17563 17566 17567 17568 17570
 17571 17572 17573 17575 17576 17577 17578 17579 17580 17581 17582 17587
 17588 17589 17591 17592 17593 17594 17600 17601 17603 17604 17605 17608
 17609 17610 17611 17612 17613 17614 17618 17619 17620 17621 17622 17623
 17624 17625 17627 17632 17633 17637 17638 17639 17640 17641 17643 17644
 17646 17647 17648 17649 17650 17651 17652 17653 17654 17655 17657 17658
 17659 17660 17661 17662 17664 17666 17667 17668 17670 17671 17672 17673
 17674 17675 17676 17677 17678 17681 17682 17683 17684 17685 17686 17687
 17688 17690 17691 17693 17694 17696 17698 17699 17700 17701 17702 17703
 17704 17705 17716 17718 17719 17721 17722 17725 17726 17727 17728 17730
 17731 17732 17733 17734 17735 17737 17741 17746 17747 17748 17750 17751
 17752 17754 17755 17756 17757 17758 17759 17760 17761 17763 17764 17765
 17766 17767 17770 17771 17772 17773 17775 17776 17777 17778 17779 17780
 17781 17782 17783 17784 17785 17787 17789 17790 17791 17792 17793 17794
 17795 17797 17798 17799 17800 17801 17802 17803 17804 17807 17808 17809
 17810 17811 17816 17817 17818 17819 17820 17821 17822 17826 17829 17830
 17831 17832 17834 17835 17839 17840 17841 17845 17848 17849 17851 17852
 17853 17854 17855 17856 17857 17858 17859 17861 17862 17863 17864 17866
 17867 17870 17871 17872 17875 17881 17882 17884 17886 17887 17888 17889
 17890 17891 17892 17893 17894 17895 17896 17897 17898 17899 17900 17901
 17902 17903 17904 17905 17906 17908 17909 17910 17919 17922 17923 17924
 17925 17930 17931 17937 17938 17939 17941 17942 17943 17944 17945 17946
 17947 18034 18043 18144 18145 18154 18155 18156 18157 18158 18165 18166
 18170 18171 18177 18182 18188 18189 18194 18196 18197 18199 18233 18234
 18332 18359 18395 18461 18462 18478 18499 18507 18514 18523 18524 18525
 18536 18538 18550 18561 18566 18575 18576 18593 18594 18599 18634 18635
 18636 18637 18643 18644 18645 18646 18653 18654 18655 18662 18663 18670
 18671 18672 18679 18680 18721 18722 18787 18801 18810 18811 18812 18834
 18845 18846 18856 18857 18858 18859 18868 18911 18927 18928 18929 18933
 18943 18946 18947 18949 18952 18961 18962 18963 18964 18968 18970 18975
 18976 18979 18980 18982 18983 18985 18989 18998 18999 19001 19002 19003
 19004 19005 19016 19017 19018 19019 19020 19021 19034 19035 19054 19055
 19059 19060 19064 19066 19069 19084 19085 19089 19091 19100 19122 19123
 19129 19141 19142 19152 19185 19199 19207 19214 19221 19228 19235 19236
 19241 19242 19253 19254 19255 19267 19268 19269 19270 19278 19279 19280
 19282 19283 19295 19296 19297 19304 19305 19309 19310 19323 19336 19337
 19357 19358 19359 19360 19361 19362 19363 19364 19365 19366 19367 19368
 19369 19371 19372 19373 19374 19376 19377 19378 19379 19382 19383 19384
 19386 19387 19388 19389 19391 19392 19393 19394 19397 19398 19399 19405
 19406 19407 19408 19409 19412 19413 19414 19417 19418 19419 19421 19422
 19423 19427 19428 19429 19431 19432 19433 19434 19435 19436 19441 19442
 19443 19444 19446 19447 19448 19449 19451 19456 19458 19459 19461 19462
 19464 19474 19504 19505 19506 19507 19508 19509 19510 19512 19513 19514
 19515 19516 19517 19518 19519 19520 19522 19523 19524 19525 19526 19527
 19528 19529 19530 19531 19532 19533 19534 19535 19536 19537 19538 19539
 19540 19541 19542 19543 19544 19545 19546 19547 19548 19549 19550 19552
 19553 19554 19555 19556 19557 19558 19559 19560 19563 19564 19565 19566
 19567 19568 19569 19570 19573 19574 19575 19576 19577 19578 19579 19580
 19583 19584 19585 19586 19587 19588 19589 19590 19591 19592 19596 19597
 19598 19599 19600 19601 19602 19603 19604 19605 19606 19607 19608 19611
 19612 19613 19614 19615 19616 19617 19618 19619 19620 19621 19622 19626
 19627 19628 19629 19630 19631 19632 19633 19634 19635 19640 19641 19642
 19643 19644 19645 19653 19654 19655 19656 19657 19658 19659 19671 19672
 19673 19684 19685 19686 19687 19699 19700 19701 19714 19715 19827 19843
 19844 19849 19853 19860 19861 19862 19878 19893 19894 19899 19908 19909
 19910 19911 19912 19932 19933 19934 19935 19936 19937 19938 19939 19940
 19944 19945 19946 19947 19948 19949 19950 19951 19952 19953 19954 19958
 19959 19960 19961 19962 19963 19964 19965 19970 19971 19972 19973 19975
 19976 19977 19986 19987 19988 19991 19998 19999 20000 20018 20019 20020
 20033 20034 20035 20036 20037 20038 20039 20040 20041 20043 20044 20045
 20046 20049 20050 20051 20052 20053 20054 20055 20056 20057 20059 20060
 20061 20062 20065 20066 20067 20068 20069 20070 20071 20072 20073 20074
 20075 20076 20077 20078 20085 20086 20087 20088 20089 20090 20091 20092
 20093 20094 20100 20101 20102 20103 20104 20105 20106 20109 20110 20113
 20116 20117 20118 20119 20120 20121 20122 20125 20126 20129 20132 20133
 20134 20135 20136 20137 20138 20139 20140 20141 20142 20145 20146 20147
 20148 20149 20150 20152 20153 20154 20155 20156 20157 20158 20161 20162
 20163 20164 20165 20166 20168 20169 20170 20173 20174 20181 20182 20183
 20184 20185 20186 20187 20188 20189 20190 20197 20198 20199 20200 20201
 20202 20203 20204 20205 20206 20213 20214 20215 20216 20217 20218 20219
 20220 20221 20222 20229 20230 20231 20232 20233 20234 20235 20236 20237
 20243 20244 20245 20246 20253 20254 20255 20262 20263 20264 20265 20266
 20274 20275 20276 20277 20280 20285 20286 20287 20290 20293 20294 20295
 20296 20300 20325 20331 20332 20333 20334 20339 20343 20344 20345 20355
 20366 20378 20397 20417 20433 20451 20456 20457 20469 20470 20482 20490
 20492 20507 20508 20509 20512 20523 20524 20525 20533 20541 20542 20546
 20551 20552 20553 20565 20566 20582 20583 20601 20649 20651 20652 20663
 20664 20666 20693 20701 20706 20707 20714 20720 20726 20728 20732 20740
 20741 20742 20749 20755 20804 20823 20864 20878 20909 20916 20917 20922
 20923 20939 20940 20941 20942 20952 20953 20956 20986 20993 20994 20999
 21005 21013 21030 21031 21034 21035 21038 21040 21041 21042 21046 21047
 21050 21051 21058 21059 21060 21061 21066 21068 21069 21070 21074 21075
 21077 21078 21083 21084 21085 21086 21090 21092 21093 21094 21095 21099
 21100 21101 21102 21103 21104 21106 21107 21108 21109 21110 21111 21112
 21113 21115 21116 21119 21120 21121 21124 21127 21129 21134 21135 21136
 21137 21140 21141 21143 21144 21164 21165 21167 21176 21186 21187 21188
 21189 21190 21191 21192 21193 21194 21195 21196 21197 21203 21205 21206
 21207 21208 21209 21210 21211 21212 21213 21215 21216 21217 21221 21222
 21223 21224 21240 21241 21242 21264 21265 21266 21267 21273 21274 21283
 21284 21285 21286 21287 21292 21293 21305 21306 21323 21324 21325 21341
 21342 21357 21360 21361 21376 21395 21396 21397 21398 21401 21402 21403
 21414 21416 21417 21421 21422 21423 21424 21425 21433 21435 21436 21437
 21438 21440 21442 21443 21444 21454 21455 21456 21457 21461 21462 21463
 21466 21473 21474 21475 21479 21481 21482 21483 21484 21485 21486 21487
 21493 21494 21495 21498 21499 21505 21506 21507 21508 21515 21516 21523
 21524 21534 21535 21541 21542 21544 21545 21546 21554 21555 21560 21561
 21563 21564 21575 21576 21577 21594 21595 21596 21599 21600 21601 21602
 21613 21614 21618 21619 21620 21621 21622 21636 21637 21649 21656 21657
 21665 21672 21673 21681 21682 21683 21684 21685 21686 21687 21688 21691
 21692 21693 21694 21695 21696 21697 21700 21701 21702 21703 21704 21705
 21710 21711 21712 21716 21717 21718 21719 21720 21721 21722 21723 21724
 21725 21726 21728 21729 21731 21732 21733 21734 21735 21736 21743 21763
 21769 21774 21775 21777 21780 21781 21798 21804 21821 21822 21833 21834
 21839 21844 21861 21863 21870 21872 21876 21877 21879 21884 21927 21931
 21938 21940 21941 21942 21947 21952 21982 21995 21996 21997 22004 22005
 22014 22015 22016 22017 22027 22028 22029 22030 22034 22040 22041 22045
 22046 22057 22058 22059 22082 22083 22086 22093 22100 22108 22127 22128
 22129 22135 22136 22137 22149 22150 22157 22158 22162 22163 22170 22175
 22177 22183 22187 22197 22198 22209 22210 22217 22240 22245 22257 22264
 22309 22336 22337 22339 22344 22345 22347 22350 22351 22352 22357 22376
 22381 22383 22385 22394 22586 22587 22592 22593 22594 22598 22601 22626
 22633 22634 22650 22653 22658 22664 22665 22671 22676 22682 22687 22688
 22691 22692 22704 22708 22715 22771 22772 22801 22802 22815 22816 22817
 22845 22886 22913 22914 22922 22963 22985 23004 23021 23028 23045 23054
 23059 23060 23070 23071 23074 23075 23082 23083 23085 23089 23091 23092
 23221 23222 23224 23227 23232 23238 23281 23340 23357 23402 23403 23404
 23407 23445 23446 23450 23451 23452 23453 23454 23455 23459 23460 23461
 23464 23469 23487 23493 23512 23513 23527 23528 23606 23607 23619 23684
 23711 23716 23721 23722 23726 23727 23728 23732 23736 23755 23760 23767
 23778 23779 23785 23786 23788 23789 23790 23794 23795 23796 23797 23801
 23802 23803 23804 23806 23807 23813 23814 23815 23818 23820 23821 23823
 23825 23826 23827 23828 23831 23832 23833 23836 23837 23838 23850 23851
 23854 23855 23856 23858 23859 23860 23862 23863 23865 23866 23868 23869
 23871 23872 23873 23874 23875 23876 23877 23878 23893 23900 23901 23902
 23903 23908 23912 23913 23914 23917 23918 23919 23928 23929 23930 23937
 23942 23947 23948 23952 23953 23954 23958 23962 23977 23987 23988 23998
 24028 24039 24050 24056 24057 24066 24067 24082 24092 24103 24109 24110
 24119 24120 24131 24142 24172 24193 24194 24206 24207 24208 24209 24218
 24220 24228 24234 24237 24238 24239 24242 24267 24268 24270 24271 24277
 24278 24284 24285 24292 24299 24315 24329 24337 24342 24348 24353 24358
 24359 24364 24371 24373 24375 24376 24380 24381 24382 24385 24400 24405
 24406 24408 24411 24412 24414 24415 24417 24420 24421 24423 24424 24426
 24427 24429 24430 24441 24447 24448 24459 24465 24466 24469 24475 24476
 24492 24501 24502 24522 24523 24533 24551 24574 24575 24576 24577 24578
 24579 24585 24586 24587 24588 24589 24590 24591 24596 24597 24609 24610
 24611 24612 24613 24614 24615 24618 24620 24622 24623 24624 24625 24626
 24627 24629 24630 24633 24637 24638 24642 24643 24644 24648 24657 24658
 24666 24667 24668 24673 24674 24675 24682 24683 24688 24689 24690 24697
 24699 24707 24713 24714 24731 24732 24733 24742 24752 24753 24754 24757
 24763 24771 24779 24788 24789 24790 24797 24798 24799 24807 24824 24827
 24828 24834 24920 24929 24941 24942 24950 24951 24960 24961 24976 25011
 25020 25026 25062 25072 25081 25128 25132 25152 25153 25159 25160 25161
 25162 25167 25168 25171 25172 25173 25174 25175 25177 25179 25181 25182
 25186 25188 25189 25190 25191 25192 25195 25197 25198 25200 25202 25203
 25244 25253 25262 25271 25358 25420 25429 25447 25456 25464 25474 25552
 25597 25598 25600 25606 25607 25659 25660 25668 25703 25704 25714 25723
 25724 25830 25831 25847 25854 25855 25863 25874 25896 25897 25903 25904
 25912 25913 25937 25943 25944 25946 25947 25948 25951 25952 25957 25960
 25966 25993 26002 26012 26013 26014 26021 26022 26023 26044 26053 26086
 26094 26095 26097 26104 26130 26131 26139 26140 26141 26142 26150 26151
 26159 26162 26163 26170 26215 26224 26232 26240 26241 26249 26269 26273
 26278 26282 26300 26306 26307 26345 26354 26431 26551 26560 26561 26562
 26586 26587 26595 26596 26602 26606 26608 26609 26611 26615 26618 26619
 26620 26626 26627 26635 26650 26654 26658 26664 26693 26694 26696 26697
 26702 26703 26704 26721 26738 26739 26740 26756 26766 26767 26777 26788
 26789 26799 26800 26840 26841 26845 26854 26867 26876 26882 26883 26891
 26892 26903 26905 26912 26913 26914 26940 26941 26988 26989 26997 27030
 27031 27039 27040 27047 27048 27056 27057 27080 27081 27099 27100 27216
 27224 27225 27238 27244 27247 27318 27327 27335 27343 27344 27351 27354
 27355 27363 27364 27366 27373 27380 27382 27389 27390 27393 27394 27402
 27403 27404 27418 27421 27426 27427 27428 27435 27436 27450 27470 27471
 27472 27480 27481 27482 27488 27491 27492 27498 27501 27506 27508 27510
 27511 27512 27513 27516 27518 27519 27520 27521 27522 27528 27529 27531
 27532 27537 27538 27539 27540 27541 27542 27543 27562 27563 27564 27565
 27570 27571 27572 27574 27575 27576 27578 27587 27595 27597 27604 27606
 27619 27623 27624 27625 27626 27669 27670 27678 27679 27720 27721 27729
 27730 27739 27744 27749 27757 27840 27851 27917 27918 27928 27938 27968
 27969 28109 28135 28143 28144 28148 28152 28155 28171 28177 28178 28179
 28180 28186 28187 28188 28222 28223 28231 28244 28250 28251 28253 28272
 28273 28277 28279 28280 28281 28282 28294 28295 28316 28317 28321 28356
 28357 28361 28362 28388 28397 28433 28434 28452 28453 28471 28480 28490
 28515 28525 28551 28557 28560 28562 28566 28578 28579 28583 28584 28588
 28591 28646 28650 28651 28659 28660 28661 28662 28663 28665 28671 28672
 28729 28730 28744 28745 28774 28786 28795 28802 28811 28813 28865 28882
 28891 28911 28914 28915 28919 28920 28923 28941 28942 28996 29004 29005
 29083 29092 29099 29100 29106 29111 29112 29113 29146 29156 29210 29211
 29212 29213 29219 29220 29265 29268 29270 29274 29275 29294 29295 29299
 29303 29304 29307 29308 29309 29310 29311 29313 29314 29315 29317 29318
 29320 29321 29329 29330 29335 29336 29337 29340 29345 29356 29357 29370
 29371 29407 29408 29409 29411 29414 29415 29416 29417 29419 29424 29430
 29439 29442 29445 29446 29447 29448 29450 29451 29454 29459 29460 29498
 29499 29506 29507 29508 29509 29515 29518 29519 29522 29523 29526 29527
 29528 29529 29531 29532 29534 29535 29537 29538 29539 29544 29546 29547
 29565 29566 29573 29574 29584 29585 29586 29595 29601 29602 29605 29610
 29611 29625 29626 29631 29640 29643 29652 29680 29689 29692 29722 29731
 29777 29778 29788 29789 29798 29799 29804 29805 29815 29816 29825 29826
 29855 29856 29863 29868 29875 29877 29884 29886 29891 29892 29900 29901
 29909 29910 29918 29919 29928 29929 29931 29937 29938 29939 29969 29973
 29978 29979 30036 30045 30046 30054 30055 30080 30081 30089 30090 30108
 30113 30114 30115 30122 30123 30124 30130 30131 30132 30133 30139 30140
 30141 30142 30145 30146 30151 30152 30153 30154 30159 30161 30162 30227
 30237 30258 30259 30265 30266 30267 30268 30269 30280 30283 30293 30301
 30302 30311 30312 30380 30381 30441 30464 30465 30470 30479 30490 30491
 30493 30496 30560 30590 30631 30697 30703 30712 30713 30741 30757 30758
 30801 30803 30808 30809 30810 30811 30813 30814 30816 30817 30818 30819
 30820 30824 30828 30839 30878 30879 30880 30889 30891 30897 30900 31068
 31133 31134 31143 31144 31153 31158 31243 31252 31283 31289 31290 31292
 31331 31332 31340 31341 31376 31419 31420 31476 31477 31486 31487 31539
 31548 31549 31558 31559 31582 31583 31592 31593 31634 31643 31742 31743
 31809 31810 31817 31818 31819 31820 31827 31828 31829 31837 31838 31861
 31870 31915 31916 31925 31934 31952 31961 32007 32008 32016 32017 32065
 32066 32074 32075 32082 32083 32084 32085 32091 32093 32131 32205 32206
 32213 32216 32274 32276 32285 32294 32301 32303 32348 32357 32367 32368
 32383 32387 32397 32402 32406 32445 32446 32538 32539 32561 32568 32569
 32603 32612 32641 32642 32651 32807 32867 32868 32871 32876 32877 32959
 33006 33009 33010 33015 33016 33018 33019 33024 33028 33045 33109 33110
 33111 33112 33120 33121 33127 33128 33131 33136 33137 33140 33142 33145
 33146 33147 33156 33163 33190 33191 33263 33266 33286 33287 33295 33296
 33328 33330 33339 33353 33354 33362 33363 33366 33367 33375 33409 33418
 33419 33429 33438 33459 33460 33469 33470 33481 33482 33500 33506 33507
 33511 33516 33517 33526 33527 33539 33548 33566 33579 33580 33669 33689
 33690 33695 33696 33704 33706 33707 33715 33716 33717 33725 33726 33727
 33749 33757 33758 33759 33790 33800 33803 33804 33808 33809 33810 33813
 33814 33820 33821 33830 33831 33841 33842 33851 33852 33859 33861 33871
 33881 33882 33909 33918 33962 33971 33972 33997 34002 34005 34006 34015
 34016 34025 34027 34028 34036 34037 34046 34055 34057 34067 34068 34076
 34093 34101 34110 34114 34115 34119 34123 34124 34128 34140 34141 34151
 34152 34156 34168 34169 34170 34178 34179 34183 34184 34185 34186 34187
 34188 34194 34195 34198 34203 34204 34212 34218 34219 34220 34221 34224
 34234 34242 34251 34261 34280 34298 34328 34403 34411 34412 34540 34549
 34611 34619 34622 34623 34642 34651 34652 34653 34660 34661 34662 34668
 34669 34671 34672 34680 34689 34700 34702 34705 34706 34711 34713 34714
 34715 34728 34731 34736 34740 34741 34745 34784 34793 34794 34803 34842
 34865 34867 34883 35016 35017 35024 35025 35036 35037 35038 35040 35041
 35057 35061 35062 35064 35070 35120 35121 35127 35130 35131 35132 35133
 35142 35143 35228 35252 35264 35271 35327 35329 35330 35331 35339 35340
 35342 35370 35376 35402 35415 35416 35429 35432 35441 35447 35485 35492
 35524 35525 35529 35533 35534 35535 35536 35537 35541 35542 35543 35544
 35550 35551 35560 35565 35567 35568 35569 35570 35571 35572 35573 35576
 35578 35579 35580 35581 35630 35631 35632 35634 35635 35637 35650 35698
 35700 35702 35703 35704 35705 35706 35720 35724 35728 35744 35751 35758
 35791 35793 35794 35795 35796 35797 35799 35800 35801 35802 35803 35804
 35805 35806 35807 35808 35809 35810 35811 35812 35813 35814 35816 35817
 35818 35819 35820 35821 35822 35823 35824 35825 35826 35827 35828 35829
 35830 35831 35832 35833 35837 35845 35856 35864 35878 35910 35917 35938
 35939 35958 35959 35963 35964 36002 36018 36019 36023 36043 36080 36097
 36098 36126 36145 36162 36163 36165 36177 36178 36179 36180 36183 36195
 36201 36202 36209 36210 36212 36230 36231 36233 36236 36237 36241 36242
 36249 36259 36260 36261 36262 36263 36268 36273 36276 36280 36305 36306
 36316 36323 36324 36325 36326 36330 36331 36339 36342 36382 36506 36531
 36535 36537 36541 36567 36568 36594 36621 36638 36640 36641 36664 36670
 36674 36675 36692 36693 36722 36764 36765 36774 36775 36778 36779 36783
 36784 36786 36793 36806 36807 36808 36809 36814 36815 36816 36817 36820
 36822 36823 36824 36831 36845 36849 36850 36867 36881 36892 36893 36895
 36904 36905 36908 36909 36918 36919 36922 36923 36927 36928 36933 36934
 36935 36936 36937 36944 36945 36946 36948 36958 36959 36960 36961 37007
 37008 37022 37023 37025 37026 37028 37029 37031 37032 37033 37034 37043
 37044 37059 37062 37063 37065 37068 37071 37079 37082 37084 37085 37086
 37087 37088 37090 37093 37107 37112 37113 37115 37116 37117 37120 37121
 37134 37137 37151 37152 37157 37169 37170 37171 37173 37174 37175 37176
 37178 37179 37181 37183 37184 37186 37188 37190 37193 37194 37195 37201
 37210 37219 37225 37226 37227 37228 37229 37230 37233 37237 37239 37240
 37241 37242 37243 37244 37249 37278 37279 37281 37286 37291 37292 37293
 37294 37295 37296 37297 37298 37299 37301 37302 37307 37310 37311 37321
 37346 37350 37368 37369 37370 37379 37380 37381 37382 37388 37389 37393
 37394 37399 37406 37407 37415 37419 37420 37426 37430 37431 37432 37434
 37435 37438 37439 37440 37441 37443 37444 37449 37451 37452 37453 37455
 37456 37457 37463 37464 37465 37467 37468 37469 37470 37476 37477 37479
 37480 37482 37487 37488 37489 37490 37498 37499 37504 37510 37529 37530
 37532 37533 37534 37536 37544 37549 37553 37557 37558 37561 37562 37566
 37567 37571 37580 37585 37586 37627 37649 37670 37672 37674 37679 37683
 37684 37687 37705 37719 37722 37789 37806 37818 37819 37821 37836 37850
 37858 37882 37883 37884 37899 37904 37910 37911 37912 37914 37950 37951
 37953 37954 37956 37957 37958 38049 38050 38051 38052 38053 38056 38059
 38060 38070 38071 38077 38083 38087 38088 38115 38120 38129 38140 38167
 38180 38181 38182 38183 38184 38185 38187 38188 38232 38233 38243 38244
 38254 38255 38256 38257 38258 38390 38405 38407 38412 38413 38414 38417
 38420 38423 38428 38448 38451 38452 38457 38458 38464 38470 38476 38483
 38488 38495 38511 38512 38513 38514 38515 38517 38518 38524 38525 38536
 38537 38538 38550 38551 38552 38553 38554 38562 38563 38564 38574 38575
 38586 38594 38614 38615 38617 38618 38627 38628 38629 38630 38631 38632
 38633 38634 38636 38640 38649 38659 38660 38670 38671 38672 38677 38678
 38679 38682 38683 38686 38687 38688 38689 38690 38691 38694 38696 38710
 38713 38717 38719 38720 38721 38722 38759 38833 38843 38844 38849 38854
 38859 38872 38881 38898 38908 38945 38946 38951 38954 38955 38957 38958
 38959 38963 38964 38965 38975 38976 38988 38997 39007 39028 39029 39030
 39031 39032 39037 39038 39039 39040 39041 39045 39046 39048 39054 39055
 39056 39057 39058 39061 39062 39063 39064 39065 39066 39067 39070 39071
 39072 39073 39074 39075 39076 39077 39080 39081 39082 39083 39084 39085
 39086 39089 39090 39091 39092 39093 39094 39095 39097 39098 39099 39100
 39101 39102 39103 39104 39107 39108 39109 39110 39115 39116 39117 39118
 39119 39145 39146 39155 39163 39179 39187 39206 39207 39213 39214 39215
 39216 39218 39219 39220 39221 39222 39223 39225 39226 39227 39228 39229
 39239 39240 39243 39253 39254 39255 39259 39260 39265 39269 39278 39294
 39362 39365 39367 39368 39369 39370 39371 39372 39373 39374 39375 39376
 39434 39654 39704 39705 39762 39819 39822 39823 39827 39828 39831 39840
 39931 39932 39938 39945 39959 39964 39968 39980 39986 39996 40003 40012
 40020 40021 40024 40028 40029 40030 40037 40038 40039 40044 40045 40046
 40049 40050 40056 40064 40065 40068 40072 40078 40079 40080 40088 40089
 40090 40096 40100 40102 40103 40104 40106 40108 40109 40110 40111 40112
 40155 40156 40162 40165 40168 40172 40174 40175 40180 40197 40198 40201
 40207 40209 40210 40212 40271 40276 40317 40318 40321 40322 40325 40366
 40381 40382 40393 40395 40407 40410 40411 40414 40418 40434 40454 40549
 40555 40558 40588 40597 40607 40609 40632 40678 40684 40685 40694 40703
 40707 40762 40766 40778 40779 40782 40784 40914 40918 40943 40953 40983
 40989 40995 40999 41010 41234 41381 41382 41567 41577 41582 41583 41584
 41590 41596 41597 41601 41701 41773 41811 41812 41813 41814 41815 41822
 41823 41824 41825 41834 41835 41836 41848 41849 41850 41851 41855 41857
 41862 41866 41875 41882 41888 41889 41892 41893 41901 41904 41913 41915
 41916 41918 41929 41936 41940 41948 41950 41951 41957 41958 41960 41961
 41968 41978 41988 42002 42003 42008 42013 42017 42018 42019 42021 42025
 42026 42032 42033 42040 42047 42059 42060 42061 42066 42073 42083 42086
 42088 42095 42096 42100 42101 42103 42104 42107 42108 42109 42112 42116
 42123 42133 42135 42136 42142 42144 42145 42150 42151 42158 42163 42165
 42195 42196 42200 42207 42208 42216 42218 42222 42227 42228 42233 42238
 42259 42261 42262 42268 42279 42280 42291 42292 42301 42302 42323 42334
 42344 42345 42356 42367 42377 42378 42389 42390 42409 42426 42438 42439
 42443 42445 42446 42447 42451 42454 42455 42457 42463 42563 42564 42565
 42581 42611 42619 42623 42643 42647 42655 42682 42686 42687 42688 42693
 42694 42695 42696 42702 42703 42707 42710 42773 42783 42784 42785 42794
 42795 42880 43000 43015 43016 43058 43059 43061 43062 43063 43064 43065
 43068 43070 43078 43083 43086 43088 43089 43091 43092 43093 43094 43096
 43097 43101 43110 43134 43144 43147 43150 43194 43195 43196 43198 43200
 43201 43204 43207 43219 43224 43235 43236 43237 43242 43250 43253 43254
 43258 43260 43270 43271 43272 43286 43289 43290 43294 43297 43307 43308
 43312 43315 43317 43325 43326 43330 43335 43367 43368 43369 43386 43387
 43389 43404 43405 43408 43409 43426 43430 43431 43432 43433 43451 43452
 43453 43454 43456 43469 43470 43471 43486 43487 43488 43489 43503 43504
 43505 43506 43507 43508 43517 43520 43523 43524 43531 43532 43534 43537
 43540 43541 43549 43550 43554 43558 43564 43566 43567 43568 43569 43580
 43581 43582 43583 43584 43585 43591 43592 43593 43597 43598 43599 43600
 43601 43602 43607 43615 43616 43617 43618 43619 43620 43624 43632 43633
 43635 43636 43637 43641 43650 43663 43665 43666 43676 43677 43685 43686
 43698 43699 43709 43710 43770 43786 43787 43792 43793 43794 43826 43841
 43842 43849 43850 43859 43860 43861 43862 43868 43869 43870 43873 43876
 43879 43880 43881 43882 43888 43891 43892 43893 43894 43900 43903 43904
 43907 43908 43934 43938 43941 43962 43968 43969 43980 43981 43984 43992
 44001 44005 44007 44010 44011 44012 44013 44015 44016 44017 44019 44020
 44021 44023 44025 44027 44032 44035 44038 44039 44044 44045 44046 44047
 44048 44050 44051 44062 44066 44072 44090 44093 44097 44108 44117 44118
 44119 44124 44144 44169 44175 44176 44182 44209 44218 44237 44246 44249
 44256 44264 44265 44266 44269 44270 44271 44272 44276 44277 44278 44282
 44283 44284 44285 44289 44290 44295 44296 44297 44298 44299 44301 44305
 44306 44307 44311 44312 44313 44318 44319 44320 44325 44326 44331 44339
 44340 44346 44347 44352 44357 44360 44362 44365 44367 44370 44395 44396
 44398 44399 44400 44429 44430 44436 44442 44446 44447 44451 44472 44474
 44479 44480 44492 44493 44494 44495 44507 44508 44509 44510 44521 44523
 44524 44525 44533 44534 44536 44539 44540 44545 44546 44547 44554 44555
 44558 44559 44560 44561 44573 44574 44575 44576 44585 44586 44601 44607
 44613 44619 44624 44629 44630 44636 44642 44654 44659 44660 44664 44665
 44666 44670 44671 44672 44674 44675 44676 44680 44681 44682 44683 44686
 44687 44688 44689 44692 44693 44694 44695 44698 44699 44700 44752 44765
 44792 44795 44808 44816 44830 44914 44915 44916 44917 44921 44922 44923
 44927 44928 44933 44934 44935 44939 44940 44941 44942 44947 44948 44952
 44953 44956 44957 44958 44960 44963 44965 44969 44970 44988 45060 45061
 45083 45091 45146 45147 45148 45153 45154 45155 45156 45161 45162 45163
 45164 45165 45170 45171 45172 45198 45202 45204 45205 45207 45208 45209
 45210 45211 45212 45213 45214 45215 45216 45217 45218 45227 45228 45236
 45237 45262 45273 45277 45292 45294 45305 45378 45389 45391 45394 45395
 45399 45409 45410 45411 45412 45419 45429 45433 45436 45437 45438 45439
 45440 45446 45447 45454 45460 45461 45462 45485 45496 45499 45502 45503
 45507 45509 45512 45521 45522 45524 45525 45526 45527 45528 45538 45539
 45545 45546 45547 45556 45557 45568 45573 45574 45578 45579 45583 45584
 45585 45589 45590 45594 45595 45596 45597 45601 45602 45605 45606 45607
 45608 45609 45610 45611 45612 45613 45616 45617 45618 45619 45620 45621
 45622 45623 45624 45627 45628 45630 45631 45633 45634 45635 45637 45638
 45639 45645 45652 45653 45654 45658 45659 45660 45661 45662 45664 45665
 45667 45668 45669 45670 45671 45672 45673 45675 45676 45677 45678 45679
 45680 45682 45684 45685 45689 45691 45692 45693 45694 45695 45696 45746
 45747 45757 45758 45764 45771 45789 45798 45799 45800 45809 45832 45841
 45861 45866 45869 45870 45871 45873 45874 45875 45876 45877 45878 45879
 45885 45888 45890 45891 45892 45893 45894 45895 45897 45898 45899 45900
 45903 45904 45905 45906 45907 45909 45910 45911 45912 45913 45915 45917
 45918 45919 45924 45928 45929 45933 45934 45936 45938 45939 45940 45941
 45943 45944 45945 45948 45957 45958 45966 45975 45976 45983 45984 45985
 45986 45993 45994 45995 45996 46004 46005 46006 46014 46015 46039 46040
 46058 46065 46070 46076 46081 46088 46089 46090 46095 46096 46097 46098
 46102 46103 46104 46106 46109 46110 46112 46113 46116 46117 46119 46120
 46122 46130 46133 46134 46140 46152 46154 46159 46160 46161 46166 46167
 46168 46169 46174 46183 46185 46186 46187 46191 46193 46194 46199 46206
 46207 46212 46213 46214 46218 46219 46220 46221 46222 46224 46226 46227
 46228 46233 46234 46235 46240 46241 46242 46243 46244 46254 46268 46279
 46280 46288 46289 46310 46329 46341 46369 46373 46387 46388 46391 46392
 46401 46418 46422 46423 46427 46428 46429 46430 46437 46438 46439 46440
 46445 46457 46459 46468 46469 46470 46471 46479 46480 46481 46482 46491
 46492 46502 46507 46508 46515 46516 46517 46528 46529 46542 46543 46544
 46549 46550 46551 46555 46556 46557 46558 46560 46564 46565 46566 46567
 46572 46578 46579 46583 46588 46589 46594 46595 46599 46615 46621 46626
 46627 46628 46640 46648 46650 46653 46661 46670 46671 46674 46692 46703
 46704 46706 46707 46714 46725 46728 46729 46739 46741 46742 46743 46744
 46745 46750 46752 46753 46754 46755 46756 46759 46761 46763 46764 46765
 46766 46770 46773 46774 46775 46783 46784 46785 46786 46795 46796 46800
 46801 46807 46808 46809 46810 46811 46818 46819 46820 46822 46823 46824
 46830 46831 46832 46833 46834 46835 46836 46841 46842 46844 46846 46847
 46854 46855 46892 46901 46905 46937 46946 46947 46948 46958 46959 46963
 46964 46965 46969 46970 46971 46977 46978 46983 46984 47004 47010 47011
 47015 47017 47018 47023 47056 47084 47095 47107 47113 47114 47121 47122
 47123 47124 47125 47133 47136 47146 47155 47156 47159 47170 47182 47186
 47205 47225 47227 47230 47236 47240 47241 47247 47254 47255 47261 47262
 47263 47265 47275 47276 47286 47287 47290 47299 47303 47307 47313 47328
 47331 47386 47408 47410 47416 47423 47430 47439 47447 47459 47470 47471
 47472 47474 47475 47476 47477 47478 47479 47484 47485 47496 47497 47502
 47503 47504 47509 47515 47516 47522 47523 47524 47530]
